round3_lotus_mp4-49_jpg.rf.9d726ce5336e47ef37400eeb76442f1a.jpg 543,266,577,304,0 592,255,625,297,0 470,175,504,210,0 464,414,495,450,0 147,139,184,177,1 250,124,288,164,1 344,90,388,134,1
round3_lotus_mp4-36_jpg.rf.a09e76d6f61bc2ba43764844d1c25042.jpg 366,115,408,151,1 360,177,402,211,1 536,102,584,144,1 491,206,526,250,0 589,257,623,298,0 536,290,573,326,0 438,387,475,426,0
map_round1-2vsACEND_fracture_mp4-140_jpg.rf.a3c42ea8d52dbe34ba93d700ac1e9402.jpg 412,268,450,307,0 585,295,619,332,1 436,402,483,441,1 400,502,437,533,1 436,484,476,522,1
map_round1-2vsACEND_fracture_mp4-10_jpg.rf.984ed0a4334da7126fe91a400a217883.jpg 62,261,96,299,1 468,476,507,514,1 491,467,525,500,1 538,408,571,448,1 546,392,577,429,1 268,504,305,540,0 441,544,476,583,0 321,109,355,146,0 407,516,437,553,0 398,517,433,552,0
round3_lotus_mp4-25_jpg.rf.a4f95219bfeabdd692a437e59865ff96.jpg 322,472,356,519,0 581,240,621,275,0 606,261,640,306,0 543,121,579,166,1 336,291,384,327,1 185,238,230,270,1
map_round1-2vsACEND_fracture_mp4-149_jpg.rf.9cdcac11b0bf60c0411736c796119474.jpg 462,320,506,358,0 548,377,587,425,1 536,476,570,522,1
round3_lotus_mp4-0_jpg.rf.a531b2f2efcc02bbfd77c034f456e964.jpg 84,326,119,362,1 401,282,439,315,1 475,263,507,300,1 504,260,535,299,1 502,253,534,291,1 304,459,340,497,0 423,426,461,461,0 418,434,452,472,0
map_round1-2vsACEND_fracture_mp4-139_jpg.rf.a77a8ccb547b9f3ef3de7b3e7725aa30.jpg 426,392,468,425,1 574,281,617,313,1 421,490,459,516,1 398,515,436,547,1 395,259,437,294,0
round3_lotus_mp4-26_jpg.rf.9fafaefb4b2dda16602834613e0138c0.jpg 225,190,259,226,1 561,104,609,146,1 313,273,355,311,1 571,214,610,254,0 590,252,632,286,0 611,264,640,302,0 387,488,423,530,0
round3_lotus_mp4-75_jpg.rf.9f7c9fddf626784c12025fd574f61557.jpg 428,418,460,459,0 413,452,441,490,0 318,436,351,478,0 146,139,180,178,0 19,202,65,238,1 81,168,116,212,1 129,198,163,241,1
map_round1-2vsACEND_fracture_mp4-39_jpg.rf.aa36230cb3577df0cdf241b7873af151.jpg 503,262,536,304,0 512,466,555,508,0 541,419,581,465,0 48,259,87,299,1 581,303,622,347,1
round3_lotus_mp4-19_jpg.rf.a1d7872be6b8d2cb5bdba347cf810958.jpg 85,286,129,319,1 381,280,427,315,1 512,130,551,174,1 288,344,326,385,0 598,284,634,322,0 546,300,582,338,0 561,293,597,328,0
map_round1-2vsACEND_fracture_mp4-92_jpg.rf.a68ea5e5172e0850a881a8c64465bbda.jpg 195,128,236,175,0 56,409,88,448,0 89,393,122,437,0 69,422,113,468,0 388,539,421,586,0 5,269,42,317,1 38,254,68,298,1 51,258,87,301,1 530,311,564,361,1
map_round1-2vsACEND_fracture_mp4-116_jpg.rf.a0a40aba8247cca1aba42077874c6aef.jpg 370,560,413,597,0 247,511,300,549,0 233,503,269,550,0 113,203,157,239,0 63,245,105,290,1 52,328,81,364,1 80,338,108,377,1 431,289,465,328,1
map_round1-2vsACEND_fracture_mp4-121_jpg.rf.a4b93deb0d807b2df57a77bc86e327de.jpg 433,468,472,512,0 112,203,158,244,0 403,520,442,560,0 401,534,437,573,0 107,467,149,505,1 36,267,68,301,1 199,356,240,393,1 480,299,517,341,1
map_round1-2vsACEND_fracture_mp4-119_jpg.rf.9ff8fa0daec03490d342a068bcb159a2.jpg 407,506,445,550,0 333,528,368,567,0 353,535,397,575,0 115,204,155,241,0 68,224,109,269,1 131,351,164,390,1 89,420,125,454,1 452,300,499,337,1
map_round1-2vsACEND_fracture_mp4-106_jpg.rf.a8e540a16fb7e1dc974b27757d94079f.jpg 284,512,327,548,0 62,323,98,367,0 115,224,159,261,0 76,367,118,414,0 432,283,464,317,1 9,275,44,307,1 27,262,58,298,1 55,260,89,299,1
round3_lotus_mp4-72_jpg.rf.a292075af21dac2b1b22f498c205454f.jpg 130,204,169,242,1 87,172,127,212,1 24,202,58,235,1 171,152,213,182,0 505,410,544,448,0 421,462,465,497,0 321,471,357,514,0
map_round1-2vsACEND_fracture_mp4-45_jpg.rf.99c3bd9b1e9d95791e7b438561e7c444.jpg 49,314,92,357,1 559,283,599,322,0 574,333,622,369,0 560,352,596,397,0
map_round1-2vsACEND_fracture_mp4-81_jpg.rf.991241d8d95929bee139261eb1686b5e.jpg 494,486,544,524,1 6,272,47,308,1 63,296,99,336,1 43,259,76,299,1 57,257,86,296,1 295,96,331,131,0 158,509,192,555,0 170,489,200,528,0 207,503,239,549,0 370,547,410,584,0
round3_lotus_mp4-75_jpg.rf.a758dd8312aaee79d6aa21739a7179dc.jpg 428,418,460,459,0 413,452,441,490,0 318,436,351,478,0 146,139,180,178,0 19,202,65,238,1 81,168,116,212,1 129,198,163,241,1
map_round1-2vsACEND_fracture_mp4-75_jpg.rf.a117e337ef95a772c02d6cb12d470922.jpg 555,369,594,421,1 584,355,615,395,0 598,343,633,381,0 513,327,554,375,0
round3_lotus_mp4-10_jpg.rf.9986502a1683aec06373df32dd019a3e.jpg 280,359,320,404,0 460,388,494,426,0 550,385,587,425,0 527,401,563,440,0 95,325,135,364,1 531,229,569,270,1 427,277,463,313,1 413,278,453,316,1
round3_lotus_mp4-58_jpg.rf.9688ea7f21336438ff4778609f0e3da7.jpg 370,121,411,156,0 461,393,498,429,0 559,336,592,372,0 579,277,615,319,0 21,203,62,235,1 105,203,144,237,1 116,171,155,203,1
map_round1-2vsACEND_fracture_mp4-87_jpg.rf.a67e28292f3fe94af0f7fed13ed80804.jpg 223,90,262,135,0 395,540,424,580,0 93,414,126,453,0 86,470,122,504,0 100,445,141,485,0 6,272,43,310,1 36,261,66,296,1 52,254,86,296,1 550,368,582,408,1
round3_lotus_mp4-38_jpg.rf.aece6d98f78288d6e80ca7c1db56f998.jpg 440,383,477,428,0 549,290,581,330,0 588,258,625,294,0 480,202,518,243,0 352,162,397,198,1 367,106,409,147,1 523,103,562,146,1
map_round1-2vsACEND_fracture_mp4-115_jpg.rf.b2ef637da6f691b56222c208f44d03d9.jpg 415,276,458,320,1 62,260,96,303,1 56,329,98,365,1 46,348,80,386,1 109,196,156,236,0 200,494,232,539,0 213,509,257,549,0 342,558,392,598,0
map_round1-2vsACEND_fracture_mp4-41_jpg.rf.b63df04afd53fc84b2e5545ca6bbf133.jpg 54,261,93,301,1 595,324,637,373,1 517,281,556,320,0 555,392,592,436,0 550,409,585,451,0
round3_lotus_mp4-44_jpg.rf.b67a0ad15e032947ead92c9840871129.jpg 447,388,481,429,0 570,291,604,332,0 589,265,622,301,0 466,189,505,233,0 284,128,320,166,1 320,95,358,135,1 427,126,466,162,1
round3_lotus_mp4-46_jpg.rf.b0eab6c405b1183e9fd8412201414a39.jpg 551,291,587,333,0 594,259,626,296,0 451,388,485,429,0 470,189,506,237,0 205,125,240,167,1 279,123,319,163,1 384,125,425,167,1
round3_lotus_mp4-6_jpg.rf.b38b4d449417eb786880b3abfbb9c17e.jpg 316,396,349,432,0 546,392,582,430,0 443,402,479,445,0 82,314,121,352,1 427,275,460,310,1 476,238,512,274,1 476,341,520,374,1
map_round1-2vsACEND_fracture_mp4-87_jpg.rf.b5d861a81bd224fe98dc8808b2475bf8.jpg 223,90,262,135,0 395,540,424,580,0 93,414,126,453,0 87,471,122,504,0 100,445,141,485,0 6,272,43,310,1 36,261,66,296,1 52,255,86,296,1 550,368,582,408,1
map_round1-2vsACEND_fracture_mp4-15_jpg.rf.aff42227bd19addf9a226419d1eee173.jpg 488,505,516,537,1 514,460,551,495,1 527,437,561,472,1 373,62,405,96,0 470,455,502,491,0 426,493,459,528,0 403,503,434,537,0 62,256,97,298,1
map_round1-2vsACEND_fracture_mp4-101_jpg.rf.b19bbcf478de848b6cbf80668e61dda1.jpg 437,291,479,334,1 4,272,44,312,1 38,262,70,302,1 51,256,84,301,1 177,209,222,246,0 56,406,98,448,0 63,400,98,439,0 421,510,461,553,0
map_round1-2vsACEND_fracture_mp4-102_jpg.rf.b1ffc21743462319c4f7605f7f85aa0c.jpg 81,321,128,364,0 157,211,191,259,0 57,379,107,420,0 382,542,427,577,0 447,294,488,342,1 5,273,49,309,1 44,259,71,301,1 53,258,87,294,1
map_round1-2vsACEND_fracture_mp4-140_jpg.rf.b45617e2f484fdb17b0622b0d762cc2f.jpg 412,268,450,307,0 585,295,619,332,1 436,402,483,441,1 400,502,437,533,1 436,484,476,522,1
map_round1-2vsACEND_fracture_mp4-94_jpg.rf.b1d51d29bbcd7f4e1739e74d3b34498a.jpg 512,314,551,363,1 5,274,43,307,1 44,261,75,304,1 51,258,95,296,1 204,134,246,180,0 401,539,434,581,0 50,401,86,439,0 92,392,124,436,0 66,419,100,457,0
map_round1-2vsACEND_fracture_mp4-36_jpg.rf.b2cb71d082048362852eceff818a1865.jpg 493,262,529,304,0 526,444,561,490,0 517,485,555,525,0 53,258,85,300,1 583,272,622,311,1
map_round1-2vsACEND_fracture_mp4-16_jpg.rf.b10f7bc50c9259147f2f053f16a8a1d5.jpg 56,261,91,297,1 538,437,571,472,1 515,456,547,489,1 497,487,528,517,1 399,500,436,535,0 426,490,458,521,0 481,451,515,488,0 386,56,428,89,0
map_round1-2vsACEND_fracture_mp4-122_jpg.rf.b6ac115d80da302a896aa3984811c6c9.jpg 500,286,537,326,1 255,311,298,354,1 43,318,90,352,1 106,466,149,506,1 120,208,154,246,0 428,485,465,527,0 442,490,475,528,0 478,460,515,498,0
map_round1-2vsACEND_fracture_mp4-147_jpg.rf.b611135022708cb9b4dd6dd43ec9a218.jpg 389,381,431,424,1 524,481,568,533,1 558,374,594,418,1 462,325,504,367,0
map_round1-2vsACEND_fracture_mp4-136_jpg.rf.b3cb0138d7757a78ceb415ea51d612c6.jpg 373,551,409,593,1 398,507,432,539,1 439,369,471,404,1 588,290,619,320,1 326,246,372,295,0
map_round1-2vsACEND_fracture_mp4-142_jpg.rf.b4cdaa3d5f0a26f687a499fc6f0e40c1.jpg 432,296,466,328,0 575,314,619,348,1 435,394,482,434,1 447,490,483,520,1 517,471,553,509,1
map_round1-2vsACEND_fracture_mp4-30_jpg.rf.b7688d33df8b8f065b25a606afe1acbc.jpg 507,268,537,308,0 407,492,437,538,0 418,496,458,535,0 44,259,85,294,1 588,339,625,378,1
map_round1-2vsACEND_fracture_mp4-30_jpg.rf.b79df609b0850b95a6de91f7abfda1bb.jpg 507,268,537,308,0 407,492,437,538,0 418,496,458,535,0 44,259,85,294,1 588,339,625,378,1
map_round1-2vsACEND_fracture_mp4-104_jpg.rf.b81b69c4a32a2237401c321cc339d321.jpg 4,271,38,309,1 33,272,66,310,1 51,257,81,299,1 63,319,109,364,0 72,371,108,420,0 352,537,388,574,0 148,232,192,267,0 446,300,485,336,1
map_round1-2vsACEND_fracture_mp4-15_jpg.rf.b1f4ece1cc293b53098a380e825720b0.jpg 487,505,517,537,1 514,460,551,495,1 527,437,561,472,1 373,62,405,96,0 470,455,502,491,0 426,493,459,528,0 403,503,434,536,0 62,257,97,298,1
round3_lotus_mp4-45_jpg.rf.af30f67579f19cc37095291261e94a21.jpg 256,125,296,164,1 304,101,342,143,1 409,130,454,169,1 465,185,503,234,0 588,258,623,300,0 555,281,594,324,0 446,388,486,431,0
round3_lotus_mp4-46_jpg.rf.b8cf63e0d4f5c395046cf79a7046e1be.jpg 551,291,587,333,0 594,259,626,296,0 451,388,485,429,0 470,189,507,237,0 205,125,240,166,1 279,123,319,163,1 384,125,425,167,1
map_round1-2vsACEND_fracture_mp4-85_jpg.rf.b5ffe66f67bc59ff65cab669fb969428.jpg 271,65,310,103,0 404,511,444,561,0 117,447,152,482,0 119,485,155,523,0 146,469,188,514,0 9,273,44,307,1 55,256,86,297,1 42,262,74,292,1 26,266,60,306,1 530,414,565,461,1
round3_lotus_mp4-65_jpg.rf.b8af2f9c858c153a0577f51c7f55586c.jpg 23,207,58,240,1 88,174,124,218,1 132,191,166,236,1 283,124,325,158,0 545,307,580,342,0 483,409,518,448,0 433,489,472,524,0
map_round1-2vsACEND_fracture_mp4-56_jpg.rf.b16db231450720470c4d9c5548b5b7cb.jpg 512,457,556,497,0 556,262,589,304,0 582,326,622,366,0 342,531,380,573,1
round3_lotus_mp4-62_jpg.rf.c1dac1adef8172d6d12d8eae8c77c55b.jpg 308,92,348,130,0 439,442,478,485,0 525,391,570,428,0 560,291,594,327,0 23,200,60,238,1
map_round1-2vsACEND_fracture_mp4-77_jpg.rf.bd0ba1092497c8152eda875296e63c92.jpg 146,296,189,338,1 7,270,42,315,1 49,262,89,303,1 517,466,557,505,1 393,575,427,615,0 184,525,228,572,0 225,505,263,547,0 307,112,354,146,0 208,518,244,554,0
round3_lotus_mp4-16_jpg.rf.c40e3028173212716ea15e854bf955ee.jpg 82,298,120,333,1 391,292,438,330,1 537,154,572,190,1 276,342,319,389,0 547,295,581,335,0 512,345,552,384,0 529,333,565,380,0
round3_lotus_mp4-15_jpg.rf.c370e6ebc9ebd86ab19e0bf55b3848e6.jpg 251,320,296,360,0 482,366,521,411,0 541,321,578,364,0 490,389,528,426,0 88,322,125,358,1 370,282,418,322,1 588,161,623,202,1
map_round1-2vsACEND_fracture_mp4-147_jpg.rf.c37ccb1c2c0ff9665a3de02d04a898bd.jpg 389,381,431,424,1 524,481,568,533,1 559,374,594,418,1 462,325,505,367,0
round3_lotus_mp4-74_jpg.rf.bd092381f8e8bccc597b6d91c4908d63.jpg 24,203,60,237,1 91,172,127,210,1 133,200,165,238,1 147,140,186,178,0 309,448,343,490,0 415,456,454,494,0 452,411,491,443,0
round3_lotus_mp4-54_jpg.rf.c5a63d77ca16611cfeec6b88e491f525.jpg 75,176,104,214,1 127,161,159,193,1 199,139,242,178,1 416,147,460,180,0 593,259,627,299,0 542,297,582,329,0 490,377,526,420,0
round3_lotus_mp4-11_jpg.rf.ba271801a01b5d1cc9a28f0beeb5ab2a.jpg 96,324,132,368,1 356,294,399,328,1 580,237,622,268,1 371,287,414,321,1 261,338,301,376,0 461,392,497,429,0 504,388,544,426,0 553,376,593,410,0
map_round1-2vsACEND_fracture_mp4-54_jpg.rf.c9a70cb2725f3123e48add5561a02963.jpg 550,263,590,308,0 581,311,617,355,0 531,443,565,481,0 247,510,289,552,1
map_round1-2vsACEND_fracture_mp4-6_jpg.rf.c71bb37d08e029fd9fd85c1493ea1a06.jpg 239,531,273,561,0 377,552,407,582,0 438,552,468,587,0 386,546,412,574,0 320,108,350,140,0 34,277,66,308,1 506,503,539,534,1 535,466,573,500,1 525,332,554,370,1 536,344,570,377,1
round3_lotus_mp4-6_jpg.rf.bf4ac8d13dbfbe48ba0733ed7a86a8df.jpg 316,396,349,432,0 546,393,583,430,0 443,402,479,445,0 82,314,121,352,1 427,275,460,310,1 476,239,511,274,1 477,342,520,374,1
map_round1-2vsACEND_fracture_mp4-1_jpg.rf.c21bb4e77693d6598437572a33061b1c.jpg 318,108,348,138,0 232,540,260,574,0 389,543,422,576,0 386,576,418,610,0 388,564,421,596,0 74,383,105,415,1 454,355,486,391,1 551,420,583,456,1 528,236,560,268,1 555,421,586,448,1
map_round1-2vsACEND_fracture_mp4-91_jpg.rf.c661bbd2042cdafa5dcfb09d81b28d7b.jpg 550,322,582,368,1 6,269,45,313,1 42,257,70,301,1 54,260,86,300,1 391,538,424,585,0 205,120,238,165,0 92,396,128,435,0 65,429,107,465,0 81,412,123,452,0
round3_lotus_mp4-67_jpg.rf.c8d3d7a525398ff3bab33c8a047ef33e.jpg 256,139,295,175,0 556,310,586,352,0 414,426,456,463,0 400,485,438,522,0 20,204,63,241,1 91,172,122,209,1 131,200,161,241,1
map_round1-2vsACEND_fracture_mp4-65_jpg.rf.c7ff1a725e1d04f24547b19d67e25bb1.jpg 465,487,508,526,1 538,387,574,435,0 578,262,614,305,0 579,331,623,369,0
round3_lotus_mp4-33_jpg.rf.c1604c782ae8586851041710a61fc6a8.jpg 548,215,578,260,0 550,273,586,315,0 588,276,627,320,0 457,414,493,455,0 342,224,376,264,1 331,74,368,113,1
round3_lotus_mp4-45_jpg.rf.bc9300ee9ce82ec8d481d17056a58e7c.jpg 256,125,296,164,1 304,101,342,143,1 409,130,454,169,1 465,185,503,234,0 588,258,623,300,0 555,281,594,324,0 446,388,486,430,0
map_round1-2vsACEND_fracture_mp4-13_jpg.rf.b97e69815ec6d494f8c4a963ec4549ca.jpg 59,262,91,294,1 526,435,560,472,1 537,449,568,479,1 483,496,522,539,1 301,97,334,131,0 342,530,375,561,0 417,513,452,553,0 399,494,433,532,0
round3_lotus_mp4-21_jpg.rf.c8ce59a2700f4d93e132ec218ba79f7c.jpg 134,265,177,307,1 373,302,418,337,1 516,109,552,146,1 310,395,349,437,0 573,267,606,305,0 595,283,631,319,0
round3_lotus_mp4-51_jpg.rf.bf2f81f45974801d8ea71f6de00dd080.jpg 447,151,490,184,0 532,253,570,295,0 593,258,624,294,0 510,403,547,439,0 102,176,143,212,1 183,134,227,172,1 264,134,304,174,1
round3_lotus_mp4-25_jpg.rf.c7376cf397b424afbbd5ceea7a261a7c.jpg 322,472,356,519,0 581,240,621,275,0 606,261,640,306,0 543,121,579,166,1 336,291,384,327,1 185,238,230,270,1
map_round1-2vsACEND_fracture_mp4-125_jpg.rf.b8e70788d4a1f6e8a669b76c49e38c5b.jpg 316,277,360,311,1 74,371,116,407,1 148,493,191,526,1 515,279,549,318,1 118,234,150,266,0 465,479,497,514,0 491,480,527,519,0 532,454,567,488,0
round3_lotus_mp4-4_jpg.rf.c5111412e3ea1ef8315e794f51509091.jpg 296,417,334,459,0 527,408,567,440,0 453,357,504,393,0 422,396,463,435,0 428,425,468,471,0 93,336,130,374,1 408,273,444,309,1 480,259,519,294,1 486,326,524,359,1 535,374,573,416,1
map_round1-2vsACEND_fracture_mp4-41_jpg.rf.ba270fd0073db25e077a2348ebd5a363.jpg 54,261,93,301,1 595,324,637,373,1 517,281,556,320,0 555,392,592,436,0 550,409,585,451,0
round3_lotus_mp4-16_jpg.rf.c5c0cc2c756d31446469c5943f45cf4e.jpg 82,298,120,333,1 391,292,438,330,1 537,154,572,190,1 276,342,319,389,0 547,295,580,335,0 512,345,552,384,0 529,333,565,380,0
round3_lotus_mp4-55_jpg.rf.cb7f010bc42eceef5cbb139a3a431f4a.jpg 404,146,444,177,0 592,257,624,296,0 530,301,570,330,0 494,365,528,402,0 63,174,97,213,1 91,177,134,213,1 168,148,210,184,1
round3_lotus_mp4-31_jpg.rf.d2962824cbe1e83beed4bc6e480265e2.jpg 318,84,351,118,1 569,106,606,144,1 330,230,369,264,1 439,409,478,451,0 558,224,590,257,0 560,274,592,308,0 593,279,625,318,0
map_round1-2vsACEND_fracture_mp4-130_jpg.rf.cc77a5dacbf502061831791154627b9b.jpg 517,284,556,331,1 392,395,435,436,1 321,528,362,566,1 218,510,261,547,1 172,289,218,332,0
map_round1-2vsACEND_fracture_mp4-95_jpg.rf.cb8f3d5104872fbb9d9be2b97cc00c98.jpg 210,134,248,178,0 89,395,126,435,0 51,402,87,436,0 61,410,102,448,0 412,538,452,580,0 494,322,537,364,1 5,272,44,310,1 34,256,74,300,1 52,261,86,307,1
map_round1-2vsACEND_fracture_mp4-71_jpg.rf.cc309d001e8e89221dd14cd431380e8d.jpg 526,400,570,451,1 579,358,617,404,0 598,333,628,375,0 513,331,553,377,0
map_round1-2vsACEND_fracture_mp4-59_jpg.rf.ccf5315ad7aa90ceed2e803a693a42d6.jpg 509,461,550,500,0 588,311,627,349,0 551,262,588,305,0 394,534,433,578,1
map_round1-2vsACEND_fracture_mp4-19_jpg.rf.cfbdd00a2a439152050977ce8cba66e1.jpg 51,262,84,295,1 535,435,571,477,1 444,95,476,131,0 398,509,433,541,0 412,503,452,537,0
map_round1-2vsACEND_fracture_mp4-25_jpg.rf.c9b4d6c45e952cd30756d1f686e658b4.jpg 541,400,574,443,1 63,262,96,296,1 529,235,562,274,0 410,498,449,532,0 399,510,436,543,0
map_round1-2vsACEND_fracture_mp4-109_jpg.rf.cd745db3350c3c0ec2889e7901929923.jpg 88,421,121,464,0 95,429,141,470,0 45,336,86,387,0 199,502,241,548,0 90,202,133,250,0 7,272,38,312,1 41,259,74,299,1 26,279,61,318,1 375,280,417,326,1
map_round1-2vsACEND_fracture_mp4-86_jpg.rf.d00e7909e1e2de31fa137cd712272b7e.jpg 536,400,574,439,1 56,259,92,299,1 40,261,70,291,1 6,275,41,310,1 100,442,136,488,0 112,485,147,525,0 135,458,172,504,0 398,535,431,570,0 241,77,276,115,0
map_round1-2vsACEND_fracture_mp4-117_jpg.rf.ccaae8c02e6f69ef81255faa4d5d46f6.jpg 438,292,483,336,1 105,345,147,393,1 72,241,107,276,1 91,389,123,426,1 303,518,340,551,0 115,202,155,245,0 323,524,359,566,0 406,536,440,578,0
map_round1-2vsACEND_fracture_mp4-16_jpg.rf.d1619403dc8ba740b9f81a39484f887e.jpg 56,262,90,296,1 538,437,571,472,1 515,456,546,488,1 497,487,528,517,1 399,500,436,535,0 426,490,458,520,0 481,451,515,488,0 386,56,428,89,0
map_round1-2vsACEND_fracture_mp4-91_jpg.rf.d54ffb359ee30f876d6262db8a9fcf1b.jpg 550,322,582,368,1 6,269,45,313,1 42,257,70,301,1 54,260,86,300,1 391,538,424,585,0 205,120,238,165,0 92,396,128,435,0 65,429,107,465,0 81,412,123,452,0
map_round1-2vsACEND_fracture_mp4-74_jpg.rf.ce18a1786a304cfdbff2157ae2f1202f.jpg 546,376,589,422,1 514,324,558,378,0 579,356,615,399,0 598,349,634,385,0
map_round1-2vsACEND_fracture_mp4-77_jpg.rf.d4918a033e23e354419528a94a685101.jpg 146,296,189,338,1 7,270,42,315,1 49,262,89,303,1 517,466,557,505,1 393,575,427,615,0 184,525,228,572,0 225,505,263,547,0 307,112,354,146,0 208,518,244,554,0
map_round1-2vsACEND_fracture_mp4-10_jpg.rf.d608201ff47d3fb596ac4ef8cd062808.jpg 62,261,96,299,1 468,476,507,514,1 490,467,526,500,1 538,408,571,448,1 546,392,577,428,1 267,504,305,540,0 440,544,476,583,0 321,109,355,146,0 406,516,438,552,0 398,517,432,552,0
map_round1-2vsACEND_fracture_mp4-45_jpg.rf.cd8569d8d36855501e396da061891fad.jpg 49,314,92,357,1 559,283,599,322,0 574,333,622,369,0 560,352,596,397,0
map_round1-2vsACEND_fracture_mp4-130_jpg.rf.d572a22a933b87a8a93b6d8debf77b57.jpg 517,284,556,332,1 392,395,434,436,1 320,528,362,566,1 218,510,261,547,1 172,289,218,332,0
map_round1-2vsACEND_fracture_mp4-127_jpg.rf.cddd2ca31162f122f312d22a4440882f.jpg 124,447,162,498,1 223,519,270,556,1 369,336,407,374,1 516,276,550,315,1 550,429,588,468,0 537,433,575,476,0 127,253,169,290,0
round3_lotus_mp4-21_jpg.rf.d1d5df5dfe46290664829457ec20de86.jpg 134,265,177,307,1 372,302,418,337,1 516,108,552,146,1 310,395,349,437,0 573,267,606,305,0 595,283,631,319,0
map_round1-2vsACEND_fracture_mp4-136_jpg.rf.d5a3da1c25fa106213ba762a7f62ef56.jpg 373,551,409,593,1 398,507,432,539,1 439,369,471,404,1 588,290,619,320,1 326,246,372,295,0
map_round1-2vsACEND_fracture_mp4-150_jpg.rf.cfd4516e7aaaa0db97e5a5a696ebd2e3.jpg 465,300,503,342,0 542,402,576,449,1 532,476,576,522,1
round3_lotus_mp4-71_jpg.rf.d686d1fb9830be4cbf98c09b9e6dd18d.jpg 334,472,367,517,0 427,460,460,497,0 524,400,562,440,0 191,149,232,187,0 20,202,61,236,1 94,172,132,211,1 128,200,164,244,1
map_round1-2vsACEND_fracture_mp4-65_jpg.rf.d5ffbdf9e71bcc2975ee0c42e126e741.jpg 465,487,508,526,1 538,387,574,435,0 578,262,614,305,0 579,331,623,369,0
map_round1-2vsACEND_fracture_mp4-66_jpg.rf.d34ffec665f5820dca50a7501872c929.jpg 581,267,621,305,0 588,356,632,395,0 522,326,564,379,0 504,454,548,504,1
map_round1-2vsACEND_fracture_mp4-77_jpg.rf.d29da2596e8f687345f1a95ddfe4ee0e.jpg 146,296,189,338,1 7,270,42,315,1 49,262,89,303,1 517,466,557,505,1 393,575,427,615,0 184,525,228,572,0 225,505,263,547,0 307,112,354,146,0 208,518,244,554,0
map_round1-2vsACEND_fracture_mp4-91_jpg.rf.d7be51ca3079563ad48491f36c847955.jpg 550,322,582,368,1 6,269,45,313,1 42,257,69,301,1 54,260,86,300,1 391,538,424,585,0 205,120,238,165,0 92,396,128,435,0 65,429,107,465,0 81,412,123,452,0
map_round1-2vsACEND_fracture_mp4-120_jpg.rf.d6d4712d8063632b52b33d6f2b7b4714.jpg 464,301,502,342,1 166,364,204,397,1 91,447,127,481,1 64,262,103,296,1 118,205,154,242,0 365,535,400,575,0 387,537,427,576,0 424,495,468,531,0
round3_lotus_mp4-11_jpg.rf.d6fd9e09c6aea2179d801df3761b3ab4.jpg 96,324,132,368,1 356,294,399,328,1 580,237,622,268,1 371,287,414,321,1 261,338,301,376,0 461,392,497,429,0 504,388,544,426,0 553,376,593,410,0
map_round1-2vsACEND_fracture_mp4-34_jpg.rf.d19494b9ff86b1322c76d9c843812d04.jpg 48,262,87,302,1 594,281,629,325,1 495,252,529,301,0 494,479,528,517,0 477,483,516,531,0
round3_lotus_mp4-23_jpg.rf.d7ae13fcb7ed7e566f0717a416c52f56.jpg 315,417,350,456,0 579,265,611,304,0 599,267,628,300,0 607,283,634,320,0 164,264,201,306,1 356,305,398,340,1 538,104,573,148,1
map_round1-2vsACEND_fracture_mp4-56_jpg.rf.dc485e523da9d6270b0505c2123d4829.jpg 512,457,556,497,0 556,262,589,304,0 582,326,622,366,0 342,531,380,573,1
map_round1-2vsACEND_fracture_mp4-135_jpg.rf.e056eae03fdda78d84c39fe8f5903612.jpg 304,248,343,287,0 432,368,464,408,1 592,288,630,323,1 394,518,430,553,1 343,546,381,580,1
map_round1-2vsACEND_fracture_mp4-115_jpg.rf.daa2953fe3b93016885fe3ea4238def2.jpg 415,276,458,320,1 62,260,96,303,1 56,329,98,365,1 46,348,80,386,1 109,196,156,236,0 200,495,233,539,0 213,509,258,549,0 343,558,392,598,0
map_round1-2vsACEND_fracture_mp4-102_jpg.rf.dc90943a6d66b954a91400e8c8bfbf19.jpg 81,320,128,364,0 157,211,191,259,0 57,378,107,420,0 382,542,427,578,0 447,294,488,342,1 5,273,49,309,1 44,258,71,301,1 53,258,87,294,1
round3_lotus_mp4-45_jpg.rf.d8713bef0aaf885c0a7f3986bf354f6c.jpg 256,125,296,164,1 304,101,342,143,1 409,130,454,169,1 465,185,503,234,0 588,258,623,300,0 555,281,594,324,0 446,388,486,430,0
map_round1-2vsACEND_fracture_mp4-43_jpg.rf.d9e06017d07d6f658d4f680271ce117a.jpg 522,304,555,338,0 561,368,594,408,0 536,389,573,432,0 36,271,81,310,1
round3_lotus_mp4-31_jpg.rf.e05a7900e2102c157411bcb55aa68e64.jpg 318,84,351,118,1 569,106,606,144,1 330,230,369,264,1 439,409,478,451,0 558,224,590,257,0 560,274,593,308,0 593,279,625,318,0
map_round1-2vsACEND_fracture_mp4-30_jpg.rf.dc4e22b68fd55e4fbe6768b8d93990cd.jpg 508,268,537,308,0 407,492,437,538,0 418,496,458,535,0 44,259,85,294,1 588,339,625,378,1
round3_lotus_mp4-15_jpg.rf.e483ebc24c64eead34397463c9d66af4.jpg 251,320,296,360,0 481,366,521,411,0 540,320,578,364,0 490,389,528,426,0 88,321,125,358,1 370,282,418,322,1 588,160,623,202,1
map_round1-2vsACEND_fracture_mp4-141_jpg.rf.e50a03a9edfc72c3a851406d2243477a.jpg 409,488,445,526,1 464,485,502,518,1 442,401,485,433,1 584,314,620,344,1 424,274,466,312,0
map_round1-2vsACEND_fracture_mp4-60_jpg.rf.db0b5915248901c9d2045e5d0736834f.jpg 392,516,436,565,1 529,442,570,492,0 551,267,588,309,0 589,314,631,357,0
map_round1-2vsACEND_fracture_mp4-117_jpg.rf.d89ec405a0291cc5472c3e0a30c6878c.jpg 437,292,483,336,1 105,345,147,393,1 72,241,106,276,1 90,389,123,426,1 302,518,340,551,0 115,202,155,245,0 323,524,359,566,0 406,536,440,578,0
map_round1-2vsACEND_fracture_mp4-149_jpg.rf.dcc3f6b2eec7bb58554dc0f99d93a4bc.jpg 463,320,506,358,0 548,377,587,425,1 536,476,570,522,1
map_round1-2vsACEND_fracture_mp4-36_jpg.rf.da1955b87cb2c5c458e9d3eed57ab5b3.jpg 493,262,529,304,0 525,444,561,490,0 517,485,555,525,0 52,258,85,300,1 583,272,622,311,1
map_round1-2vsACEND_fracture_mp4-106_jpg.rf.dcc7f0a4a285f41046c45e35c3501285.jpg 284,512,328,548,0 62,322,98,368,0 115,224,159,261,0 76,366,118,414,0 431,283,464,317,1 8,275,44,307,1 27,262,58,298,1 55,260,89,299,1
map_round1-2vsACEND_fracture_mp4-87_jpg.rf.e1475ba965b234e6d3b278d6b8415bbe.jpg 223,90,262,135,0 395,540,424,580,0 93,414,126,453,0 86,470,122,504,0 100,445,141,485,0 6,272,43,310,1 36,261,66,296,1 52,254,86,296,1 550,368,582,408,1
round3_lotus_mp4-71_jpg.rf.e79822e7856993a615f96cc189142187.jpg 334,472,367,517,0 427,460,460,497,0 524,400,562,440,0 191,149,232,187,0 20,202,61,236,1 94,172,132,211,1 128,200,164,244,1
map_round1-2vsACEND_fracture_mp4-80_jpg.rf.e30108fd367a6fa0eac79fbf2cce2c17.jpg 309,106,346,145,0 369,559,405,598,0 171,520,204,565,0 181,495,216,539,0 223,504,260,546,0 4,272,44,312,1 43,255,74,298,1 55,258,88,298,1 87,292,121,334,1 494,487,537,525,1
round3_lotus_mp4-4_jpg.rf.dbe32355d6e2665b1592cc2abb24b05d.jpg 296,417,334,459,0 527,408,567,440,0 453,357,504,393,0 422,396,463,435,0 428,425,468,471,0 93,336,130,374,1 408,273,444,309,1 480,259,519,294,1 486,326,524,359,1 535,374,573,416,1
map_round1-2vsACEND_fracture_mp4-38_jpg.rf.e5277a4349eec2143bce47bb79742d8f.jpg 587,292,627,328,1 45,262,85,299,1 497,257,534,297,0 536,440,569,478,0 515,470,551,508,0
map_round1-2vsACEND_fracture_mp4-33_jpg.rf.ddb31552ba4bfc2e28b534d08d783cf1.jpg 490,255,526,300,0 460,486,489,529,0 469,488,511,534,0 591,300,626,342,1 66,257,98,297,1
round3_lotus_mp4-6_jpg.rf.e8c0555968171957872781e358fb378a.jpg 316,396,349,432,0 546,392,582,430,0 443,402,479,445,0 82,314,121,352,1 427,275,460,310,1 476,238,512,274,1 476,341,520,374,1
round3_lotus_mp4-0_jpg.rf.e1ecb4206e2a72bffdba6c574d807008.jpg 84,326,119,362,1 401,282,439,315,1 475,263,507,300,1 504,260,535,299,1 502,253,534,292,1 304,459,340,498,0 423,426,461,461,0 418,434,452,473,0
map_round1-2vsACEND_fracture_mp4-80_jpg.rf.e816945bbedbd63704ea1b4fd051e611.jpg 308,106,346,145,0 369,558,405,598,0 171,520,204,564,0 180,494,216,539,0 223,504,260,546,0 4,272,44,312,1 43,255,74,298,1 55,258,88,298,1 87,292,121,333,1 494,487,537,525,1
map_round1-2vsACEND_fracture_mp4-123_jpg.rf.e775c2215e76af1db8994ef10d7c97b3.jpg 507,466,542,504,0 470,485,503,526,0 431,488,472,526,0 111,214,146,253,0 67,336,105,377,1 127,476,167,512,1 284,291,327,334,1 508,276,545,318,1
map_round1-2vsACEND_fracture_mp4-73_jpg.rf.ebc2aeda773c8591eb96f2ded3968b23.jpg 528,390,570,431,1 570,363,622,402,0 588,344,634,388,0 512,327,560,377,0
round3_lotus_mp4-30_jpg.rf.e90eebba3db955e61a79e73598d946c2.jpg 570,216,608,251,0 596,260,632,301,0 423,428,463,477,0 342,262,380,302,1 287,114,325,148,1 568,106,607,144,1
round3_lotus_mp4-21_jpg.rf.eb6a37c81be2bdf9eaf5e2ee81aa67ed.jpg 134,265,177,307,1 372,302,418,337,1 516,108,552,146,1 310,395,349,437,0 573,267,606,305,0 595,283,631,319,0
round3_lotus_mp4-23_jpg.rf.eabc3ed30d405722860e2201dacd09b7.jpg 315,416,350,456,0 578,264,611,304,0 599,267,628,300,0 607,283,634,320,0 164,263,201,306,1 356,304,398,340,1 538,104,573,148,1
map_round1-2vsACEND_fracture_mp4-24_jpg.rf.e9349276de0d486e80fd60e86c5479b3.jpg 519,222,551,266,0 398,499,442,538,0 48,262,82,294,1 544,423,579,467,1
round3_lotus_mp4-26_jpg.rf.ec3baca61a3ad6fe0eee9a759fd59bce.jpg 225,190,259,226,1 561,104,609,146,1 313,273,355,311,1 571,214,610,254,0 590,252,632,286,0 611,264,640,302,0 387,488,423,530,0
map_round1-2vsACEND_fracture_mp4-92_jpg.rf.eb947a72329333959bcdc2cf1e671658.jpg 195,128,237,175,0 56,409,88,448,0 89,393,122,437,0 69,422,113,468,0 388,538,421,586,0 5,269,42,317,1 38,254,68,298,1 52,258,86,301,1 530,312,564,360,1
round3_lotus_mp4-14_jpg.rf.f3efe0aebc54fd77ee65968151f6d9be.jpg 596,184,638,222,1 375,276,417,316,1 96,323,133,365,1 251,320,296,360,0 560,329,600,368,0 483,386,519,422,0 508,399,546,437,0
map_round1-2vsACEND_fracture_mp4-90_jpg.rf.f141e8ed611d8dad154e55aeafcbb036.jpg 392,542,426,588,0 73,444,106,484,0 95,390,124,432,0 84,422,116,456,0 204,101,241,143,0 555,333,590,381,1 5,267,43,313,1 36,257,68,296,1 55,258,83,305,1
round3_lotus_mp4-72_jpg.rf.ed8aa9bb2df16fdcbcc96052ce12d60a.jpg 130,204,169,242,1 87,172,127,212,1 24,202,58,235,1 171,152,213,182,0 505,410,544,448,0 421,462,465,497,0 321,471,357,514,0
map_round1-2vsACEND_fracture_mp4-147_jpg.rf.f6fde8ed2d50a935550ce92141473a0a.jpg 389,381,431,424,1 524,481,568,533,1 558,374,594,418,1 462,325,504,367,0
round3_lotus_mp4-14_jpg.rf.f66d8caad1470f06de9afae741b23e70.jpg 597,184,638,222,1 375,276,416,316,1 96,323,133,365,1 251,320,296,360,0 560,329,600,368,0 483,386,519,422,0 508,399,546,437,0
round3_lotus_mp4-46_jpg.rf.ee7a1d569d0bc4e4e4f26fc428b2c666.jpg 551,291,587,333,0 594,259,626,296,0 451,388,485,429,0 470,189,506,237,0 205,125,240,167,1 279,123,319,163,1 384,125,425,167,1
map_round1-2vsACEND_fracture_mp4-127_jpg.rf.ed25ef4679acdb676cb1bd1396dad6c1.jpg 124,447,162,498,1 223,519,270,556,1 369,335,407,374,1 516,276,550,315,1 550,429,588,468,0 537,433,575,476,0 127,253,169,289,0
map_round1-2vsACEND_fracture_mp4-38_jpg.rf.fb2a64cd787ea85d604155140ee120c8.jpg 587,292,627,328,1 45,262,85,299,1 497,257,534,297,0 536,440,569,478,0 515,470,551,508,0
round3_lotus_mp4-25_jpg.rf.ed1b5ad59d243e8be8f8d64a7a30d95b.jpg 323,472,356,519,0 581,240,621,275,0 606,261,640,306,0 543,121,579,166,1 336,291,383,327,1 185,238,230,271,1
round3_lotus_mp4-33_jpg.rf.f0206d718ac25a3010f676805de98b63.jpg 548,215,578,260,0 550,273,586,315,0 588,276,627,320,0 457,414,493,455,0 342,224,376,264,1 331,74,368,113,1
map_round1-2vsACEND_fracture_mp4-121_jpg.rf.f8a4e890a1a56cc55100899c2bf63c46.jpg 433,469,472,512,0 112,203,159,244,0 403,521,442,560,0 401,534,437,573,0 107,467,149,505,1 36,267,68,301,1 199,356,240,393,1 480,299,517,341,1
round3_lotus_mp4-3_jpg.rf.f844adbbcd37f12cd52d6c8031c421ea.jpg 93,331,129,371,1 408,273,447,314,1 504,247,542,287,1 461,312,497,349,1 535,355,579,397,1 286,432,329,471,0 427,423,463,463,0 510,398,548,432,0 448,369,485,406,0 434,397,466,432,0
map_round1-2vsACEND_fracture_mp4-48_jpg.rf.fbbf45166889c22ada7d8f45cabe65ac.jpg 587,267,624,313,0 571,315,617,352,0 544,399,580,447,0 81,405,123,447,1
map_round1-2vsACEND_fracture_mp4-19_jpg.rf.fb88cd6b9eaf0a115c151ff77e06107c.jpg 51,262,84,295,1 535,435,571,477,1 444,95,476,131,0 398,509,433,541,0 412,503,452,537,0
map_round1-2vsACEND_fracture_mp4-150_jpg.rf.fb8920b7c914ac7126172a3d9c4e2afa.jpg 465,300,503,342,0 542,402,576,449,1 532,476,576,522,1
round3_lotus_mp4-40_jpg.rf.f27b300058bd68f7674c019bc3fefbfb.jpg 441,385,477,426,0 473,190,502,224,0 582,262,616,298,0 549,305,580,338,0 492,110,534,146,1 341,94,377,130,1 360,130,396,164,1
map_round1-2vsACEND_fracture_mp4-6_jpg.rf.f33beada1178b77c321c2f3a853044cb.jpg 239,531,273,561,0 377,552,407,582,0 438,552,468,587,0 386,546,413,575,0 320,108,351,140,0 34,277,66,308,1 506,503,539,534,1 535,466,573,500,1 525,333,554,370,1 536,344,570,377,1
map_round1-2vsACEND_fracture_mp4-97_jpg.rf.f38c68a1da810f41e824b9bec801af7f.jpg 46,400,90,445,0 76,403,124,444,0 410,513,446,556,0 218,172,256,213,0 5,272,47,310,1 37,260,79,298,1 49,259,87,292,1 469,320,508,357,1
round3_lotus_mp4-62_jpg.rf.f2e33e98630dbc1382f58e1b93bdde82.jpg 309,92,347,130,0 439,442,478,485,0 525,391,570,428,0 560,291,594,327,0 23,200,60,238,1
map_round1-2vsACEND_fracture_mp4-34_jpg.rf.fbbd256da9c40b3e0022d931f03f6791.jpg 48,262,87,302,1 594,281,629,325,1 495,252,529,301,0 494,479,528,517,0 477,483,516,531,0
round3_lotus_mp4-58_jpg.rf.ffe5df805d8ca9eec34fd30607ce16ec.jpg 370,121,411,156,0 461,394,498,429,0 560,336,592,372,0 579,278,615,319,0 22,203,62,235,1 105,203,144,237,1 116,171,155,203,1
map_round1-2vsACEND_fracture_mp4-9_jpg.rf.f7b6133c75f98788ac54beed6e1917c2.jpg 319,107,351,139,0 252,508,288,540,0 400,534,435,569,0 439,547,476,582,0 404,531,434,562,0 54,264,86,294,1 548,368,579,403,1 543,392,576,430,1 473,486,513,522,1 502,474,544,512,1
round3_lotus_mp4-31_jpg.rf.fba1e7f6879239aa9df02537b0d26afe.jpg 318,84,351,118,1 569,106,606,144,1 330,230,369,264,1 439,409,478,451,0 558,224,590,257,0 560,274,592,308,0 593,279,625,318,0
map_round1-2vsACEND_fracture_mp4-39_jpg.rf.f13be5b57428b106f069c7f732fc8a2a.jpg 503,262,536,304,0 512,466,555,508,0 541,419,581,465,0 48,259,86,299,1 581,303,622,347,1
round3_lotus_mp4-51_jpg.rf.026820eb3a001179f17121068b39f224.jpg 447,151,490,184,0 532,253,570,295,0 593,258,624,295,0 510,403,548,439,0 103,176,143,213,1 183,134,227,172,1 265,134,304,174,1
round3_lotus_mp4-49_jpg.rf.024208b791093570420e0ef032390ea5.jpg 543,266,577,305,0 592,255,625,297,0 470,176,505,210,0 464,414,495,450,0 147,139,184,177,1 251,125,288,163,1 344,90,388,134,1
map_round1-2vsACEND_fracture_mp4-132_jpg.rf.024a002c5cbeb2960eae534b31cca059.jpg 233,258,275,290,0 284,510,320,547,1 380,537,420,573,1 435,385,471,427,1 569,298,602,335,1
map_round1-2vsACEND_fracture_mp4-79_jpg.rf.02740dad0870521c2d0b398382d7fa8f.jpg 5,272,46,312,1 42,258,75,303,1 54,258,89,300,1 120,297,152,338,1 497,484,536,522,1 176,530,218,576,0 194,510,230,551,0 219,505,260,553,0 395,554,436,604,0 312,104,349,148,0
round3_lotus_mp4-10_jpg.rf.02ce31274167f862661a208ccb3533c1.jpg 280,359,320,404,0 460,388,494,426,0 550,385,587,425,0 527,401,563,440,0 95,325,135,364,1 531,229,569,270,1 427,277,463,313,1 412,278,454,316,1
map_round1-2vsACEND_fracture_mp4-86_jpg.rf.004f3f5242d7947da25d268fedbc1d91.jpg 536,400,574,439,1 56,259,92,299,1 41,261,70,291,1 6,276,41,310,1 100,443,136,488,0 112,485,147,525,0 135,458,172,505,0 399,535,431,570,0 241,77,276,115,0
round3_lotus_mp4-74_jpg.rf.0c83b2ab3db0a35991d84dc87f644182.jpg 24,203,60,237,1 91,172,127,210,1 133,200,165,238,1 147,140,186,178,0 309,449,343,490,0 415,456,454,494,0 452,411,491,444,0
map_round1-2vsACEND_fracture_mp4-75_jpg.rf.069e2321dd61a79ca31408a80ca0e751.jpg 555,369,594,421,1 583,355,615,395,0 598,342,632,382,0 513,327,554,375,0
map_round1-2vsACEND_fracture_mp4-123_jpg.rf.0b4dfb9b3a6c9cf21c91f6ec80398dc4.jpg 506,466,542,504,0 470,485,502,526,0 430,487,472,526,0 111,214,147,252,0 67,336,105,376,1 127,476,167,512,1 284,291,328,334,1 508,276,544,318,1
round3_lotus_mp4-30_jpg.rf.0e1cc4e0265342601167c7a20ce90956.jpg 570,216,608,251,0 596,260,632,301,0 423,428,463,477,0 342,262,380,302,1 287,114,325,148,1 568,106,607,144,1
round3_lotus_mp4-40_jpg.rf.059ad1908f2f0446e51efb40583a4f58.jpg 441,385,477,426,0 473,190,502,224,0 582,262,616,298,0 549,305,580,338,0 492,110,534,146,1 341,94,377,130,1 360,130,397,165,1
round3_lotus_mp4-53_jpg.rf.03a67da23538a2ecb356102f3743a709.jpg 432,144,474,176,0 551,268,587,306,0 593,257,624,297,0 506,392,538,428,0 89,177,127,211,1 157,144,191,178,1 236,141,272,176,1
map_round1-2vsACEND_fracture_mp4-40_jpg.rf.04fc8bdd5b92f4f9493399b432fd88fe.jpg 44,256,84,300,1 588,322,629,360,1 511,264,546,306,0 551,404,592,454,0 524,458,564,496,0
map_round1-2vsACEND_fracture_mp4-111_jpg.rf.0fa5657bfdae23b4c47e04dcea3fc20a.jpg 278,508,320,546,0 113,474,152,511,0 105,453,148,491,0 89,228,134,260,0 25,263,59,302,1 13,305,57,349,1 25,332,66,380,1 374,304,412,346,1
map_round1-2vsACEND_fracture_mp4-28_jpg.rf.0be3375a39c2f9f446367afe0e1a8cb2.jpg 505,253,540,295,0 396,517,431,558,0 412,527,452,571,0 56,263,94,300,1 574,364,613,397,1
map_round1-2vsACEND_fracture_mp4-28_jpg.rf.0a0da90c2a189784b593419612d6ddfe.jpg 505,253,540,295,0 396,517,431,558,0 412,527,452,571,0 56,263,94,300,1 574,364,613,397,1
round3_lotus_mp4-2_jpg.rf.114418198968d8ee712bac1f60827a47.jpg 302,446,332,484,0 434,409,469,449,0 423,420,458,464,0 100,331,134,370,1 410,287,450,319,1 470,284,504,322,1 502,284,542,331,1 498,242,533,281,1
map_round1-2vsACEND_fracture_mp4-130_jpg.rf.0a4f641d166c33abd8ef532869391fb1.jpg 517,284,556,332,1 392,395,434,436,1 320,528,362,566,1 218,510,261,547,1 172,289,218,332,0
map_round1-2vsACEND_fracture_mp4-137_jpg.rf.0d0a73a689bb416a0603b7df4baf576b.jpg 380,244,422,289,0 432,367,468,409,1 572,278,610,313,1 404,487,443,520,1 397,529,432,566,1
map_round1-2vsACEND_fracture_mp4-86_jpg.rf.1113b548348728091eff8d719c22d95e.jpg 536,400,574,439,1 56,259,92,299,1 40,261,70,291,1 6,275,41,310,1 100,442,136,488,0 112,485,147,525,0 135,458,172,504,0 398,535,431,570,0 241,77,276,115,0
round3_lotus_mp4-38_jpg.rf.0a7fb45f602d202f5c3cdfb73d9fa7c8.jpg 440,383,477,428,0 549,290,581,330,0 588,258,625,294,0 480,202,518,243,0 352,162,397,198,1 367,106,408,147,1 523,103,562,146,1
map_round1-2vsACEND_fracture_mp4-5_jpg.rf.0eb951f323d198e50674227ccb59528a.jpg 51,335,86,363,1 476,353,511,388,1 518,289,551,325,1 531,451,566,483,1 550,433,585,465,1 240,528,273,560,0 401,519,436,553,0 319,107,350,139,0 406,549,440,582,0 420,540,451,574,0
map_round1-2vsACEND_fracture_mp4-41_jpg.rf.0d07f9803c648ede46c57b90c0fa349e.jpg 54,261,93,301,1 595,324,637,373,1 517,281,556,320,0 555,393,592,436,0 550,409,585,451,0
map_round1-2vsACEND_fracture_mp4-74_jpg.rf.082f800a3904ac0b086f5da7ab8ffeea.jpg 546,376,589,422,1 514,324,558,378,0 579,356,615,399,0 598,349,634,385,0
round3_lotus_mp4-39_jpg.rf.0d44962d3daf05ddb70e10b9ac29c71a.jpg 356,100,395,137,1 355,145,396,182,1 505,108,548,146,1 475,195,509,230,0 589,253,626,293,0 549,291,581,328,0 439,386,475,422,0
map_round1-2vsACEND_fracture_mp4-21_jpg.rf.0cf6988cf726c9461ae9e80641991ccd.jpg 484,181,519,219,0 397,514,441,561,0 66,258,98,296,1 550,465,586,503,1
round3_lotus_mp4-44_jpg.rf.1010c94aacb3a31574b0be6ffac5af75.jpg 447,388,481,429,0 570,291,604,332,0 589,265,622,301,0 466,189,505,233,0 285,129,320,166,1 320,95,358,135,1 427,126,466,162,1
map_round1-2vsACEND_fracture_mp4-97_jpg.rf.101ed7472060b894dff0f028bc5464e3.jpg 46,399,90,445,0 76,403,124,444,0 410,513,446,556,0 218,172,256,213,0 5,272,47,310,1 37,260,79,298,1 49,259,87,292,1 468,320,508,357,1
round3_lotus_mp4-20_jpg.rf.13246563235df945e1f0e2b4be372cba.jpg 307,358,342,400,0 588,281,625,314,0 577,295,612,340,0 106,281,148,318,1 382,276,427,317,1 493,113,539,155,1
map_round1-2vsACEND_fracture_mp4-151_jpg.rf.08650ce116ae132f5eee5024fc692a80.jpg 535,480,569,524,1 538,409,575,454,1 465,300,506,342,0
map_round1-2vsACEND_fracture_mp4-71_jpg.rf.0aa1dd88c95b2d143ea3e6d94208d35b.jpg 526,400,570,450,1 579,358,617,404,0 598,333,628,375,0 513,331,553,377,0
round3_lotus_mp4-70_jpg.rf.0dea7d4e66c7c2c1004d6330f682df19.jpg 19,204,62,240,1 96,174,136,210,1 132,203,165,241,1 211,153,248,189,0 542,392,583,430,0 343,480,382,513,0 428,485,470,516,0
map_round1-2vsACEND_fracture_mp4-135_jpg.rf.119d11d9b539b6fc385825c8e875a399.jpg 304,248,343,287,0 432,368,464,408,1 592,288,630,323,1 394,518,430,553,1 343,546,381,580,1
map_round1-2vsACEND_fracture_mp4-151_jpg.rf.11c0427f09cc6827118986bec141bab0.jpg 535,480,569,524,1 538,409,575,454,1 465,300,507,342,0
round3_lotus_mp4-28_jpg.rf.1504f984895f6a71db68171197c99112.jpg 416,473,456,515,0 570,214,612,253,0 594,253,632,288,0 608,268,640,304,0 238,156,276,192,1 313,268,349,307,1 564,103,608,144,1
map_round1-2vsACEND_fracture_mp4-51_jpg.rf.19db069fa3672ddffca4566b43e4a684.jpg 175,493,220,538,1 548,455,591,497,0 551,266,587,308,0 582,310,622,354,0
round3_lotus_mp4-39_jpg.rf.150031a5cead7c39e7c80454c16615f0.jpg 356,100,395,137,1 354,145,396,182,1 505,108,548,146,1 475,194,509,230,0 589,253,626,293,0 549,291,581,329,0 439,386,475,422,0
map_round1-2vsACEND_fracture_mp4-129_jpg.rf.1da594fc18fedc33f1e132b9ff5ef065.jpg 148,262,178,302,0 546,408,578,453,0 374,370,412,407,1 512,279,554,323,1 254,517,298,554,1 156,477,193,514,1
map_round1-2vsACEND_fracture_mp4-13_jpg.rf.165d7e1a19b276123152cec8b13aaa6a.jpg 59,262,91,294,1 526,435,560,472,1 537,449,568,478,1 483,496,521,539,1 301,97,334,131,0 342,530,374,561,0 417,513,452,553,0 399,494,433,532,0
map_round1-2vsACEND_fracture_mp4-54_jpg.rf.17796e9af76f501a678f9fe7af28e282.jpg 550,264,590,308,0 581,311,617,355,0 531,443,565,481,0 247,510,288,552,1
round3_lotus_mp4-20_jpg.rf.16d9b33bf15c61a465012faa07e6b49f.jpg 308,359,342,400,0 588,281,625,314,0 578,295,612,340,0 106,281,148,318,1 382,276,427,317,1 493,113,539,155,1
map_round1-2vsACEND_fracture_mp4-135_jpg.rf.17d6997162f277740ed468cfc8e4b1e4.jpg 304,248,343,287,0 432,368,465,408,1 592,288,631,323,1 394,518,431,553,1 343,547,381,580,1
round3_lotus_mp4-7_jpg.rf.1797ccc76562c2f771016a14a30528fb.jpg 87,309,123,347,1 413,275,449,314,1 506,241,539,279,1 479,310,520,360,1 550,381,595,419,0 318,377,357,416,0 470,403,508,447,0
map_round1-2vsACEND_fracture_mp4-101_jpg.rf.1efb142a456e7622760b211c38436576.jpg 437,291,479,334,1 4,272,44,312,1 38,262,70,302,1 51,256,84,301,1 177,209,222,246,0 56,406,98,448,0 63,400,98,439,0 421,510,461,553,0
map_round1-2vsACEND_fracture_mp4-48_jpg.rf.14f535927821eaba6874cb0a75b1158f.jpg 587,267,624,313,0 571,315,617,352,0 544,399,580,447,0 81,405,123,447,1
map_round1-2vsACEND_fracture_mp4-5_jpg.rf.1da6761949a2289061933b4cc7ac93ed.jpg 51,335,86,363,1 476,352,510,388,1 518,289,550,325,1 531,451,566,483,1 549,433,585,465,1 240,528,273,560,0 401,519,436,553,0 319,107,350,139,0 406,549,440,582,0 420,540,451,574,0
round3_lotus_mp4-70_jpg.rf.20a1f33d651f046b7f896d812f8ca0ea.jpg 19,204,62,240,1 96,174,136,210,1 132,203,165,241,1 211,153,248,189,0 542,392,583,430,0 343,480,382,513,0 428,485,470,516,0
round3_lotus_mp4-15_jpg.rf.1e5b040c893534c59d58164a290ab8e4.jpg 251,320,296,360,0 481,366,521,411,0 540,320,578,364,0 490,389,528,426,0 88,321,125,358,1 370,282,418,322,1 588,160,623,202,1
round3_lotus_mp4-36_jpg.rf.19449ac16a679ae9f298f09cc6f69448.jpg 366,115,408,151,1 361,177,401,211,1 536,102,584,144,1 491,207,526,250,0 589,257,623,298,0 536,290,573,327,0 438,387,475,426,0
map_round1-2vsACEND_fracture_mp4-120_jpg.rf.2211a0068c22a23c32880d964b7310c5.jpg 464,301,503,342,1 166,364,204,397,1 91,447,127,481,1 64,262,103,296,1 118,205,154,242,0 365,535,400,575,0 387,537,427,576,0 425,495,468,530,0
map_round1-2vsACEND_fracture_mp4-48_jpg.rf.159394d5ca2d7c41524b8b14898d741a.jpg 587,267,624,313,0 571,315,617,352,0 545,400,580,447,0 81,406,122,447,1
map_round1-2vsACEND_fracture_mp4-120_jpg.rf.24139c6db3635e65d6671a2392b99bcb.jpg 464,301,502,342,1 166,364,204,397,1 91,447,127,481,1 64,262,103,296,1 118,205,154,242,0 365,535,400,575,0 387,537,427,576,0 424,495,468,531,0
map_round1-2vsACEND_fracture_mp4-75_jpg.rf.19e6adb0b501ef7d1fc8b00759beb2d7.jpg 555,369,594,421,1 583,355,615,395,0 598,342,632,382,0 513,327,554,375,0
round3_lotus_mp4-18_jpg.rf.24b8ef9f61222ada982928e916cdf238.jpg 283,338,318,385,0 574,292,613,328,0 532,324,570,362,0 88,286,127,322,1 388,287,432,326,1 531,152,563,187,1
map_round1-2vsACEND_fracture_mp4-1_jpg.rf.1536a6f4d319153e43b1749b9c3c113d.jpg 318,108,349,138,0 232,540,260,574,0 389,543,422,576,0 386,576,418,610,0 388,563,421,596,0 74,383,105,415,1 454,355,486,391,1 551,421,583,456,1 528,235,561,269,1 555,421,586,448,1
map_round1-2vsACEND_fracture_mp4-40_jpg.rf.24213b57aa196477e61d5dcf566b2131.jpg 44,256,84,300,1 588,322,629,360,1 511,264,546,306,0 551,404,592,454,0 524,458,564,496,0
map_round1-2vsACEND_fracture_mp4-126_jpg.rf.17ca1a803a7d58d9eb20573b432f8a17.jpg 120,247,158,287,0 529,422,563,466,0 517,467,558,501,0 498,474,541,516,0 168,509,216,545,1 84,398,116,442,1 351,281,394,320,1 517,280,552,321,1
map_round1-2vsACEND_fracture_mp4-94_jpg.rf.1ee55e474202a7acd977c40d4f37b6dc.jpg 512,314,551,363,1 5,274,43,307,1 44,261,75,304,1 51,258,95,296,1 204,134,246,180,0 401,539,434,581,0 50,401,86,439,0 92,392,124,436,0 66,419,100,457,0
round3_lotus_mp4-19_jpg.rf.250dd740cbf8806b40de69780ea07d29.jpg 85,286,129,319,1 381,280,427,315,1 512,130,551,174,1 288,344,326,385,0 598,284,634,322,0 546,300,582,338,0 561,293,597,328,0
map_round1-2vsACEND_fracture_mp4-115_jpg.rf.25be1dc0a4b9f03a227629e3f160dbf8.jpg 415,276,458,320,1 62,260,96,303,1 56,329,98,365,1 46,348,80,386,1 109,196,156,236,0 200,494,232,539,0 213,509,257,549,0 342,558,392,598,0
map_round1-2vsACEND_fracture_mp4-140_jpg.rf.2091b9b6112f18bc8d9fe0e11832b96d.jpg 413,268,450,307,0 585,295,618,332,1 436,402,483,441,1 400,502,437,533,1 437,484,475,523,1
map_round1-2vsACEND_fracture_mp4-18_jpg.rf.166bd8357663d56552266a99ed10c7c3.jpg 46,261,80,298,1 527,439,565,474,1 489,467,530,504,1 416,66,454,110,0 423,494,455,527,0 402,502,439,537,0
map_round1-2vsACEND_fracture_mp4-25_jpg.rf.1541aab89fea6955d71c24c9119ed8f0.jpg 540,400,574,443,1 63,262,96,296,1 529,235,562,274,0 410,498,449,532,0 398,510,436,543,0
round3_lotus_mp4-28_jpg.rf.272c791e90048ef947f7d8a3f1dca60d.jpg 416,473,456,515,0 570,214,612,252,0 593,253,632,288,0 608,268,640,304,0 238,156,276,192,1 313,268,348,307,1 564,103,608,144,1
round3_lotus_mp4-35_jpg.rf.290fedfde1fe899f80eb35af25d0a80d.jpg 508,224,546,264,0 443,404,480,441,0 538,295,576,338,0 580,275,618,313,0 563,104,607,144,1 361,87,399,125,1 365,202,403,245,1
map_round1-2vsACEND_fracture_mp4-36_jpg.rf.2c67aac1f8ceee1925b2167c6671b2e2.jpg 493,262,529,304,0 525,444,561,490,0 517,485,555,525,0 52,258,85,300,1 583,272,622,311,1
map_round1-2vsACEND_fracture_mp4-65_jpg.rf.29fb7008b79e9c0b87a6c09cbdd3dc1c.jpg 465,488,508,526,1 538,387,574,435,0 578,262,615,305,0 579,331,623,369,0
map_round1-2vsACEND_fracture_mp4-25_jpg.rf.2ad39af2c400f695b20eefbb329cb8e8.jpg 540,400,574,443,1 63,262,96,296,1 529,235,562,274,0 410,498,449,532,0 398,510,436,543,0
map_round1-2vsACEND_fracture_mp4-59_jpg.rf.2b121cc51868a3e6f29d3eb69a94793b.jpg 509,461,550,500,0 588,311,627,349,0 551,262,588,305,0 394,535,433,578,1
map_round1-2vsACEND_fracture_mp4-79_jpg.rf.2c6f04417748a72a9cf968c6fe147e0d.jpg 5,272,46,312,1 42,258,75,303,1 54,258,89,300,1 120,297,152,338,1 497,484,536,522,1 176,530,218,576,0 194,510,230,551,0 219,505,260,553,0 395,554,436,604,0 312,104,349,148,0
round3_lotus_mp4-39_jpg.rf.2d6cdcb14b489cecb8fc69fd5d0c4294.jpg 356,100,395,137,1 354,145,396,182,1 505,108,548,146,1 475,194,509,230,0 589,253,626,293,0 549,291,581,329,0 439,386,475,422,0
map_round1-2vsACEND_fracture_mp4-85_jpg.rf.2a27857b1549e42cc5bc41095529f8b9.jpg 271,65,310,103,0 404,511,444,561,0 117,447,152,482,0 119,485,155,523,0 146,469,188,513,0 8,272,44,308,1 55,256,86,297,1 42,262,74,292,1 26,266,60,306,1 530,414,565,461,1
map_round1-2vsACEND_fracture_mp4-43_jpg.rf.2a77ce46b9bf5857a456b6801bb5a0bd.jpg 522,304,554,338,0 560,368,594,408,0 536,389,573,432,0 36,270,81,310,1
map_round1-2vsACEND_fracture_mp4-122_jpg.rf.2ffdea911dd7d49b6f11abf9f27a218d.jpg 500,286,537,326,1 255,311,298,354,1 43,318,90,352,1 106,466,149,506,1 120,208,154,246,0 428,485,465,527,0 442,490,475,528,0 478,460,515,498,0
map_round1-2vsACEND_fracture_mp4-97_jpg.rf.2f89c28b874067ca3619bd127e47dda3.jpg 46,399,90,445,0 76,403,124,444,0 410,513,446,556,0 218,172,256,213,0 5,272,47,310,1 37,260,79,298,1 49,259,87,292,1 468,320,508,357,1
map_round1-2vsACEND_fracture_mp4-137_jpg.rf.2a1b0f687be5b2bcd97f2f93dba5837e.jpg 380,245,422,289,0 433,368,467,409,1 573,278,610,313,1 404,487,443,520,1 398,529,432,566,1
map_round1-2vsACEND_fracture_mp4-13_jpg.rf.27516337c1d8dc4a0c77c91e27913ceb.jpg 59,262,91,294,1 526,435,560,472,1 537,449,568,478,1 483,496,521,539,1 301,97,334,131,0 342,530,374,561,0 417,513,452,553,0 399,494,433,532,0
map_round1-2vsACEND_fracture_mp4-60_jpg.rf.2ce3dc272883157e5cf722bb810724ce.jpg 392,516,437,565,1 529,443,570,492,0 551,267,588,309,0 589,314,631,357,0
round3_lotus_mp4-29_jpg.rf.3116e2fb2dff33b4e3a211879fe1b40a.jpg 267,137,301,169,1 564,104,609,146,1 333,268,369,305,1 421,451,457,493,0 571,215,608,253,0 598,249,632,288,0 606,268,640,302,0
round3_lotus_mp4-53_jpg.rf.31b8d32e34e199185c96da77b7f2f6a9.jpg 432,144,474,176,0 551,268,587,306,0 593,257,624,297,0 506,392,538,428,0 89,177,127,211,1 157,144,191,178,1 236,141,272,176,1
map_round1-2vsACEND_fracture_mp4-122_jpg.rf.3787647eff8a88b5a07f81ba3b658e8e.jpg 500,286,537,326,1 255,311,298,354,1 43,318,90,352,1 106,466,149,506,1 120,208,154,247,0 428,485,465,527,0 442,489,475,528,0 478,460,515,498,0
round3_lotus_mp4-38_jpg.rf.36f479627938d4a8e9cf53369314ad29.jpg 440,383,477,428,0 549,290,581,330,0 588,258,625,294,0 480,202,518,243,0 352,162,397,198,1 367,106,409,147,1 523,103,562,146,1
round3_lotus_mp4-63_jpg.rf.2dc6abd56dfa9694b1ca9845b135fded.jpg 23,204,59,238,1 100,174,139,210,1 133,205,170,241,1 295,100,337,140,0 570,291,608,327,0 522,395,557,430,0 443,464,482,503,0
map_round1-2vsACEND_fracture_mp4-141_jpg.rf.33babc76ec937487cc517577bce029b1.jpg 409,488,445,526,1 464,485,502,518,1 442,401,485,433,1 584,314,620,344,1 424,274,466,312,0
round3_lotus_mp4-0_jpg.rf.2bb099857ef5c2723a64afc8478c41b1.jpg 84,326,119,362,1 401,282,439,315,1 475,263,507,300,1 504,260,535,299,1 502,253,534,291,1 304,459,340,497,0 423,426,461,461,0 418,434,452,472,0
map_round1-2vsACEND_fracture_mp4-61_jpg.rf.3509d71c3c1f3c608d34b4905582498d.jpg 515,456,555,501,0 553,264,585,303,0 583,319,627,365,0 388,489,441,531,1
map_round1-2vsACEND_fracture_mp4-132_jpg.rf.334193d4595261f8b7871bf2a204ce0f.jpg 233,258,275,290,0 284,510,320,547,1 380,537,420,573,1 435,385,471,427,1 569,298,602,335,1
map_round1-2vsACEND_fracture_mp4-81_jpg.rf.2e00753e73248df24a4c1b68cb5905c3.jpg 494,486,544,524,1 6,272,47,308,1 63,296,99,336,1 43,259,76,299,1 57,257,86,296,1 295,96,331,131,0 158,509,192,555,0 170,489,200,528,0 207,503,239,549,0 370,547,410,584,0
round3_lotus_mp4-28_jpg.rf.34a60d2605e62d02388abcd2e1c61d2e.jpg 416,473,456,515,0 570,214,612,252,0 593,253,632,288,0 608,268,640,304,0 238,156,276,192,1 313,268,348,307,1 564,103,608,144,1
round3_lotus_mp4-33_jpg.rf.301274a5015104259f2cf4e12173a94a.jpg 548,215,577,260,0 550,273,586,315,0 588,276,627,320,0 457,414,493,455,0 342,224,376,264,1 331,74,368,113,1
round3_lotus_mp4-18_jpg.rf.3aaa8eaa7aae334c45e6d99160fb504f.jpg 283,338,318,385,0 574,292,613,328,0 532,324,570,362,0 88,286,127,322,1 388,287,432,326,1 532,152,563,187,1
round3_lotus_mp4-53_jpg.rf.40f4107245454466d2c29dac5f23efed.jpg 432,144,474,177,0 551,268,587,306,0 593,257,624,297,0 506,392,537,428,0 89,177,127,211,1 157,144,191,178,1 236,141,272,176,1
round3_lotus_mp4-3_jpg.rf.48a2ef272ef6439c4c37d6fe46c225c1.jpg 93,331,129,371,1 408,273,447,314,1 504,247,542,287,1 461,312,497,349,1 535,355,578,397,1 286,432,329,471,0 427,423,463,463,0 510,399,548,432,0 448,369,485,406,0 434,397,466,432,0
map_round1-2vsACEND_fracture_mp4-31_jpg.rf.4a05bed1bac98b7251267dd5207d3c43.jpg 54,259,89,294,1 580,309,622,353,1 495,258,529,295,0 441,488,474,528,0 452,487,492,522,0
map_round1-2vsACEND_fracture_mp4-121_jpg.rf.49a96610c8f5745188da600c4b03c126.jpg 433,468,472,512,0 112,203,158,244,0 403,520,442,560,0 401,534,437,573,0 107,467,149,505,1 36,267,68,301,1 199,356,240,393,1 480,299,517,341,1
map_round1-2vsACEND_fracture_mp4-80_jpg.rf.43091fefc63d267c5d85193ee963a104.jpg 308,106,346,145,0 369,558,405,598,0 171,520,204,564,0 180,494,216,539,0 223,504,260,546,0 4,272,44,312,1 43,255,74,298,1 55,258,88,298,1 87,292,121,333,1 494,487,537,525,1
map_round1-2vsACEND_fracture_mp4-73_jpg.rf.40b51627c80ad864181b7011e47cc7a9.jpg 528,390,570,431,1 570,363,622,402,0 588,344,634,388,0 513,327,560,377,0
round3_lotus_mp4-44_jpg.rf.49b69adbade48a9e9f1645d57c332bce.jpg 447,388,481,429,0 570,291,604,332,0 589,265,622,301,0 466,189,505,233,0 284,128,320,166,1 320,95,358,135,1 427,126,466,162,1
map_round1-2vsACEND_fracture_mp4-90_jpg.rf.4b75e382edf2b79596cdd108bdbc926f.jpg 392,542,426,588,0 73,444,106,484,0 95,390,124,432,0 84,422,116,456,0 204,101,241,143,0 555,333,590,381,1 5,267,43,313,1 36,257,68,296,1 55,258,83,305,1
map_round1-2vsACEND_fracture_mp4-152_jpg.rf.4aaa4af0777e55707849ed30d7c13f49.jpg 499,298,531,335,0 541,437,570,483,1 531,475,579,519,1
map_round1-2vsACEND_fracture_mp4-101_jpg.rf.47140f4e25ec91eca33f365c79ba611e.jpg 437,291,479,334,1 4,272,44,312,1 38,262,70,302,1 51,256,84,301,1 177,209,222,246,0 56,406,98,449,0 63,400,98,439,0 421,510,461,553,0
map_round1-2vsACEND_fracture_mp4-116_jpg.rf.384f536d3b15128fe9a220233a866111.jpg 370,560,413,596,0 246,511,300,549,0 233,503,269,550,0 113,203,157,239,0 63,244,105,290,1 52,328,81,364,1 80,338,108,377,1 430,288,465,328,1
round3_lotus_mp4-70_jpg.rf.4881fde621cc16e5acc32fe8deb43dfd.jpg 19,204,62,240,1 96,174,136,210,1 132,203,165,241,1 211,153,248,189,0 542,393,583,430,0 343,480,382,513,0 428,485,470,516,0
map_round1-2vsACEND_fracture_mp4-28_jpg.rf.4b0ad0daeeea337eb21d6932b7e3df05.jpg 505,253,540,295,0 396,517,431,558,0 412,527,452,571,0 56,263,94,300,1 574,364,613,397,1
map_round1-2vsACEND_fracture_mp4-85_jpg.rf.3ae25fd2d60b2a797079e448731c024b.jpg 271,65,310,103,0 404,511,444,561,0 117,447,152,482,0 119,485,155,523,0 146,469,188,513,0 8,272,44,308,1 55,256,86,297,1 42,262,74,292,1 26,266,60,306,1 530,414,565,461,1
map_round1-2vsACEND_fracture_mp4-19_jpg.rf.4ac6da9567b0ae5ef76d32fc6f3c1900.jpg 51,262,84,295,1 535,435,571,477,1 444,96,476,131,0 398,509,433,541,0 413,503,452,537,0
round3_lotus_mp4-55_jpg.rf.44cc17566d60a7732e13a52ee5650cf8.jpg 404,146,444,177,0 592,257,624,296,0 530,301,570,330,0 494,365,528,402,0 63,174,97,213,1 91,177,134,213,1 168,148,210,184,1
map_round1-2vsACEND_fracture_mp4-10_jpg.rf.48639a8c34367cb33418406e1cb473c8.jpg 62,261,96,299,1 468,476,507,514,1 490,467,526,500,1 538,408,571,448,1 546,392,577,428,1 267,504,305,540,0 440,544,476,583,0 321,109,355,146,0 406,516,438,552,0 398,517,432,552,0
map_round1-2vsACEND_fracture_mp4-146_jpg.rf.4d09b9d2f1b46b7638abb71e1f91bb16.jpg 404,384,439,435,1 520,460,558,507,1 550,396,585,444,1 427,300,475,341,0
round3_lotus_mp4-63_jpg.rf.44107ca0bf624c38b8a6040d75e65e58.jpg 23,204,59,238,1 100,174,139,210,1 133,205,170,241,1 295,100,337,140,0 570,291,608,327,0 522,395,556,430,0 443,464,482,503,0
map_round1-2vsACEND_fracture_mp4-79_jpg.rf.4e5c6a29439e1398a70345f7681e3561.jpg 5,272,46,312,1 42,259,75,303,1 54,258,89,300,1 120,297,152,338,1 497,485,536,522,1 176,530,218,576,0 194,510,231,551,0 219,505,260,553,0 395,554,436,604,0 312,104,349,149,0
map_round1-2vsACEND_fracture_mp4-38_jpg.rf.428f70f22612ba06f33465509bc414c9.jpg 587,292,627,328,1 45,262,85,299,1 497,257,534,297,0 536,440,569,478,0 515,470,551,509,0
round3_lotus_mp4-48_jpg.rf.4c558efcee8572edd83ca204b7c0ca1c.jpg 368,106,414,144,1 267,126,309,162,1 171,133,213,168,1 468,189,506,228,0 550,281,585,315,0 593,257,626,299,0 456,395,490,436,0
map_round1-2vsACEND_fracture_mp4-40_jpg.rf.4a600a06c9ec5e2e69d94e36a33b9b34.jpg 44,256,84,300,1 588,323,629,360,1 511,265,546,306,0 551,405,592,454,0 524,458,564,496,0
map_round1-2vsACEND_fracture_mp4-136_jpg.rf.4d3f1db4444e236e125fe6fec2704fa5.jpg 374,551,409,593,1 399,508,432,539,1 439,369,471,404,1 588,291,619,320,1 326,246,372,295,0
map_round1-2vsACEND_fracture_mp4-9_jpg.rf.4de5e12cfa28e0e604db51f1f7778f29.jpg 319,107,351,139,0 252,508,288,540,0 400,534,435,569,0 439,547,476,582,0 404,531,434,562,0 54,264,86,294,1 548,368,579,403,1 543,392,576,430,1 473,486,513,522,1 502,474,544,512,1
map_round1-2vsACEND_fracture_mp4-146_jpg.rf.496221490335e5ec94a1ffc5bbdf5f37.jpg 404,385,439,435,1 521,460,558,507,1 550,396,585,444,1 427,300,475,341,0
map_round1-2vsACEND_fracture_mp4-34_jpg.rf.4f037263c2c7bbf5c33be602b0383121.jpg 48,262,87,302,1 594,281,629,325,1 495,253,528,301,0 494,479,528,517,0 477,483,516,530,0
map_round1-2vsACEND_fracture_mp4-139_jpg.rf.4d0c2dd19c1c3b0eea6dce330fdb226f.jpg 427,392,467,425,1 574,281,617,313,1 421,490,459,516,1 399,515,436,546,1 395,259,437,294,0
map_round1-2vsACEND_fracture_mp4-21_jpg.rf.53020352928508dbef9edeb333e569a8.jpg 484,181,519,219,0 397,514,441,561,0 67,258,98,295,1 550,465,586,503,1
round3_lotus_mp4-35_jpg.rf.5435c6831d766117ff3415e5ef067700.jpg 508,224,546,264,0 443,404,480,441,0 538,295,576,338,0 580,275,618,313,0 563,104,607,144,1 361,87,399,125,1 365,202,403,245,1
map_round1-2vsACEND_fracture_mp4-16_jpg.rf.4d3ed276a47c2b310149eba2884591a7.jpg 56,262,90,296,1 538,437,571,472,1 515,456,546,488,1 497,487,528,517,1 399,500,436,535,0 426,490,458,520,0 481,451,515,488,0 386,56,428,89,0
map_round1-2vsACEND_fracture_mp4-117_jpg.rf.567dd5d92cbb0ea8b70cd5f0a23767b8.jpg 437,292,483,336,1 105,345,147,393,1 72,241,106,276,1 90,389,123,426,1 302,518,340,551,0 115,202,155,245,0 323,524,359,566,0 406,536,440,578,0
map_round1-2vsACEND_fracture_mp4-11_jpg.rf.44d7691518c88ddedb060b2aca24785e.jpg 303,518,338,552,0 437,541,467,576,0 400,507,431,541,0 321,106,353,140,0 58,258,87,296,1 459,478,495,514,1 536,432,566,465,1 529,452,560,482,1
map_round1-2vsACEND_fracture_mp4-142_jpg.rf.52c2a76cc0b7832765de1a30e2dc5981.jpg 433,296,466,328,0 575,315,619,348,1 435,395,482,433,1 447,490,483,520,1 517,471,553,508,1
round3_lotus_mp4-58_jpg.rf.507795a143d5e9de050dec25994967aa.jpg 370,121,411,156,0 461,393,498,429,0 559,336,592,372,0 579,277,615,319,0 21,203,62,235,1 105,203,144,237,1 116,171,155,203,1
round3_lotus_mp4-11_jpg.rf.50311e43810128394f06bc464757de9d.jpg 96,324,132,368,1 356,294,399,328,1 580,237,622,268,1 371,287,414,321,1 261,338,301,376,0 461,393,497,429,0 504,388,544,426,0 553,376,593,410,0
map_round1-2vsACEND_fracture_mp4-39_jpg.rf.557c103f45a381c33c7bbbf0ee3b82b1.jpg 503,262,536,304,0 512,466,555,508,0 541,419,581,465,0 48,259,86,299,1 581,303,622,347,1
map_round1-2vsACEND_fracture_mp4-146_jpg.rf.5a7922ae6f86e49323b3918ef2ea12cb.jpg 404,384,439,435,1 520,460,558,507,1 550,396,585,444,1 427,300,475,341,0
map_round1-2vsACEND_fracture_mp4-111_jpg.rf.53d8d74374e3c91e555ba10c3e9d7cbe.jpg 278,508,321,546,0 113,474,152,511,0 105,453,148,491,0 89,228,134,260,0 25,263,59,302,1 13,305,57,349,1 25,332,66,380,1 375,304,412,346,1
map_round1-2vsACEND_fracture_mp4-61_jpg.rf.57a942d0e14d3afd5244ea8bbd75f626.jpg 515,457,555,501,0 553,265,585,303,0 583,319,627,365,0 388,489,441,532,1
round3_lotus_mp4-54_jpg.rf.549bb178381715ec4d3781da03ae6574.jpg 75,176,104,214,1 127,161,159,193,1 199,139,242,178,1 416,147,460,180,0 593,259,627,299,0 542,297,582,329,0 490,377,526,420,0
round3_lotus_mp4-16_jpg.rf.59facc4b01c9e63d6fef748394fafbb9.jpg 82,298,120,333,1 391,292,438,330,1 537,154,572,190,1 276,342,319,389,0 547,295,581,335,0 512,345,552,384,0 529,333,565,380,0
round3_lotus_mp4-4_jpg.rf.59ca631e8a39c658199468f455143c73.jpg 296,417,334,459,0 527,408,567,440,0 453,357,504,393,0 422,396,463,435,0 428,425,468,471,0 93,336,130,375,1 408,273,444,309,1 480,259,519,294,1 486,326,524,359,1 535,375,573,415,1
map_round1-2vsACEND_fracture_mp4-66_jpg.rf.5db4b52c68243e24291bc97358b4a592.jpg 581,266,621,306,0 588,356,632,394,0 522,326,564,379,0 504,454,548,504,1
map_round1-2vsACEND_fracture_mp4-125_jpg.rf.57c627b1349ab30f80f3b7d2887d5042.jpg 316,277,360,311,1 74,371,116,407,1 148,494,191,526,1 515,279,549,318,1 118,234,150,266,0 465,479,497,514,0 491,480,527,519,0 532,454,567,488,0
map_round1-2vsACEND_fracture_mp4-104_jpg.rf.58465a03b5873ba41cb551cbd2d3d094.jpg 4,271,38,309,1 34,272,66,309,1 51,257,81,299,1 63,319,109,364,0 73,371,108,420,0 352,537,388,574,0 148,233,192,267,0 446,300,485,336,1
round3_lotus_mp4-14_jpg.rf.5ed70cbd633169bd4b740229af081910.jpg 596,184,638,222,1 375,276,417,316,1 96,323,133,365,1 251,320,296,360,0 560,329,600,368,0 483,386,519,422,0 508,399,546,437,0
map_round1-2vsACEND_fracture_mp4-59_jpg.rf.5777691980dfc9ef6e7cbf8062b9d556.jpg 509,461,550,500,0 588,311,627,349,0 551,262,588,305,0 394,534,433,578,1
map_round1-2vsACEND_fracture_mp4-11_jpg.rf.57d9c84d49dd42fe1dff3fb8d6c94a6d.jpg 303,518,338,552,0 437,541,467,576,0 400,507,431,541,0 320,107,353,140,0 58,259,87,296,1 459,478,495,514,1 536,432,566,465,1 529,452,560,482,1
map_round1-2vsACEND_fracture_mp4-149_jpg.rf.5c80c75027a18c595c7d64caa1a2e86a.jpg 462,320,506,358,0 548,377,587,425,1 536,476,570,522,1
map_round1-2vsACEND_fracture_mp4-125_jpg.rf.586809823905531f1f86c8f03abb058d.jpg 316,277,360,311,1 74,371,116,407,1 148,493,191,526,1 515,279,549,318,1 118,234,150,266,0 465,479,497,514,0 491,480,527,519,0 532,454,567,488,0
map_round1-2vsACEND_fracture_mp4-142_jpg.rf.6089a4922fedfe89884ca86971a49aff.jpg 432,296,466,328,0 575,314,619,348,1 435,394,482,434,1 447,490,483,520,1 517,471,553,509,1
round3_lotus_mp4-48_jpg.rf.5e97544a9af2930c009b8a517290dd3b.jpg 368,106,414,144,1 267,126,309,162,1 171,133,213,168,1 468,189,506,228,0 550,281,585,315,0 593,257,626,299,0 456,395,490,436,0
map_round1-2vsACEND_fracture_mp4-18_jpg.rf.613d3bb5a7d398956bb1a5ff64d6d2ea.jpg 46,261,80,298,1 528,439,564,474,1 489,467,530,504,1 416,66,454,110,0 423,494,455,526,0 402,502,440,537,0
map_round1-2vsACEND_fracture_mp4-152_jpg.rf.6203f0338973edf3fcb2063412dd4917.jpg 499,298,531,335,0 541,437,570,483,1 531,475,579,519,1
map_round1-2vsACEND_fracture_mp4-51_jpg.rf.5a0264bcdf21c808d7df4f1c3bddb77a.jpg 175,493,220,538,1 548,455,591,497,0 551,266,587,308,0 582,311,622,354,0
map_round1-2vsACEND_fracture_mp4-126_jpg.rf.65027ad1fefc557b011c7e2dac4b2db5.jpg 120,247,158,287,0 529,422,563,466,0 517,467,558,501,0 498,474,541,516,0 168,509,216,545,1 84,398,116,442,1 351,281,394,320,1 517,280,552,321,1
round3_lotus_mp4-18_jpg.rf.62ecab91bde3948ec8860c6ee15c9134.jpg 283,338,318,385,0 574,292,613,328,0 532,324,570,362,0 88,286,127,322,1 388,287,432,326,1 531,152,563,187,1
map_round1-2vsACEND_fracture_mp4-9_jpg.rf.61be315ef67f73457619635160d39fb8.jpg 319,107,351,139,0 252,509,289,540,0 400,534,435,569,0 439,547,476,582,0 404,531,434,562,0 54,264,86,294,1 548,368,579,403,1 543,393,576,430,1 473,486,513,522,1 502,474,545,512,1
map_round1-2vsACEND_fracture_mp4-11_jpg.rf.623cc7aa95f9ba123bc844d6e8184067.jpg 303,518,338,552,0 437,541,467,576,0 400,507,431,541,0 321,106,353,140,0 58,258,87,296,1 459,478,495,514,1 536,432,566,465,1 529,452,560,482,1
map_round1-2vsACEND_fracture_mp4-45_jpg.rf.67da984e9a6e85aded91b2f6cb171875.jpg 49,314,92,357,1 559,284,599,322,0 574,333,622,369,0 560,352,597,397,0
round3_lotus_mp4-10_jpg.rf.68bc05b877302368bba1c6d4587ead56.jpg 280,359,320,404,0 460,388,494,426,0 550,385,587,425,0 527,401,563,440,0 95,325,135,364,1 531,229,569,270,1 427,277,463,313,1 412,278,454,316,1
map_round1-2vsACEND_fracture_mp4-18_jpg.rf.60e26e1abfdda46adf0391066173e1e9.jpg 46,261,80,298,1 528,439,564,474,1 489,467,530,504,1 416,66,454,110,0 423,494,455,526,0 402,502,440,537,0
round3_lotus_mp4-48_jpg.rf.629e8d743c44cd61a4b89fa1f33eaeb6.jpg 368,106,414,144,1 267,126,309,162,1 171,133,213,168,1 469,189,506,228,0 550,281,585,315,0 593,257,626,299,0 456,395,491,436,0
map_round1-2vsACEND_fracture_mp4-123_jpg.rf.668cc6de9d1bafe885a00cf643b75dfb.jpg 506,466,542,504,0 470,485,502,526,0 430,487,472,526,0 111,214,147,252,0 67,336,105,376,1 127,476,167,512,1 284,291,328,334,1 508,276,544,318,1
round3_lotus_mp4-7_jpg.rf.6710161269632779ad1a71cd53bbf5bb.jpg 87,309,122,347,1 413,275,449,314,1 506,241,539,279,1 479,311,520,360,1 550,381,595,418,0 318,377,357,416,0 470,403,508,447,0
round3_lotus_mp4-29_jpg.rf.62f1692e1ff15660ff954d37332c8d5d.jpg 267,137,301,169,1 564,105,609,146,1 333,268,369,305,1 421,451,457,493,0 571,215,608,252,0 598,249,633,288,0 606,268,640,303,0
round3_lotus_mp4-30_jpg.rf.68762a58ce4c687474f67e29e41c44fd.jpg 570,216,608,251,0 596,260,632,301,0 423,428,463,477,0 342,262,380,302,1 287,114,325,148,1 568,106,607,144,1
round3_lotus_mp4-19_jpg.rf.610d8e55a183e78309b2f3aa768b02fb.jpg 85,286,129,319,1 381,280,427,315,1 512,131,551,174,1 289,344,326,385,0 598,284,635,323,0 546,300,582,338,0 561,293,596,328,0
map_round1-2vsACEND_fracture_mp4-61_jpg.rf.6c9b1ae01ae8fa129abc5f8014bf919f.jpg 515,456,555,501,0 553,264,585,303,0 583,319,627,365,0 388,489,441,531,1
round3_lotus_mp4-63_jpg.rf.6b9e45640d7196ca5705d57bf7efa999.jpg 23,204,59,238,1 100,174,139,210,1 133,205,170,241,1 295,100,337,140,0 570,291,608,327,0 522,395,556,430,0 443,464,482,503,0
round3_lotus_mp4-2_jpg.rf.6a5f464a59f1d90c67be1241a7077efb.jpg 302,446,332,484,0 434,409,469,449,0 423,420,458,464,0 100,331,134,370,1 411,287,450,319,1 470,284,505,323,1 502,284,542,331,1 498,242,533,281,1
map_round1-2vsACEND_fracture_mp4-127_jpg.rf.64d1f5e76a0c0833a41bc2ce4bca232a.jpg 124,447,162,498,1 223,519,270,556,1 369,335,407,374,1 516,276,550,315,1 550,429,588,468,0 537,433,575,476,0 127,253,169,289,0
round3_lotus_mp4-35_jpg.rf.6fc6d3bf173cce2347ae69876fcb9768.jpg 508,224,546,264,0 443,404,480,441,0 538,295,576,338,0 580,275,618,313,0 563,104,607,144,1 361,87,399,125,1 365,202,403,245,1
map_round1-2vsACEND_fracture_mp4-139_jpg.rf.6e9e12c253b4db819bdf66ae90368e2a.jpg 426,392,468,425,1 574,281,617,313,1 421,490,459,516,1 398,515,436,547,1 395,259,437,294,0
round3_lotus_mp4-23_jpg.rf.779bcf5f8598a8b41796c688a7d0c234.jpg 315,416,350,456,0 578,264,611,304,0 599,267,628,300,0 607,283,634,320,0 164,263,201,306,1 356,304,398,340,1 538,104,573,148,1
map_round1-2vsACEND_fracture_mp4-81_jpg.rf.6d99e3e58b790dbcbfc1700a70f62e0b.jpg 494,486,544,524,1 6,272,47,308,1 63,296,99,336,1 43,259,76,299,1 57,257,86,296,1 295,96,331,131,0 158,509,192,555,0 170,489,200,528,0 207,503,239,549,0 370,547,410,584,0
map_round1-2vsACEND_fracture_mp4-151_jpg.rf.74db05a4554a1d1ad12d0ba630ae9afa.jpg 535,480,569,524,1 538,409,575,454,1 465,300,507,342,0
map_round1-2vsACEND_fracture_mp4-116_jpg.rf.7670c41fe3458de1c03381b553b1da61.jpg 370,560,413,596,0 246,511,300,549,0 233,503,269,550,0 113,203,157,239,0 63,244,105,290,1 52,328,81,364,1 80,338,108,377,1 430,288,465,328,1
map_round1-2vsACEND_fracture_mp4-95_jpg.rf.7926e99f0b04ec3ecdbc1af12383938b.jpg 210,134,248,178,0 89,395,126,435,0 52,402,87,436,0 61,410,102,448,0 413,538,452,580,0 494,322,537,365,1 5,272,44,310,1 34,256,74,300,1 51,261,87,307,1
round3_lotus_mp4-67_jpg.rf.756da010e8519136df6b60696318d9b5.jpg 256,139,295,175,0 556,310,586,352,0 414,426,456,463,0 400,485,438,522,0 20,204,63,241,1 90,172,122,209,1 131,200,161,240,1
map_round1-2vsACEND_fracture_mp4-31_jpg.rf.77e5499cf347198c8be80a17996b7111.jpg 54,259,88,294,1 580,309,622,353,1 494,258,530,296,0 441,488,474,528,0 452,486,492,522,0
map_round1-2vsACEND_fracture_mp4-94_jpg.rf.6dec9fbe52262dbf61342ba6e5f77892.jpg 512,314,551,363,1 5,274,43,307,1 44,261,75,304,1 51,259,95,296,1 204,134,246,180,0 401,539,434,581,0 50,401,86,439,0 92,392,124,436,0 66,419,100,457,0
round3_lotus_mp4-7_jpg.rf.69cfdce032ef7623ba9b5bc4e607c18f.jpg 87,309,123,347,1 413,275,449,314,1 506,241,539,279,1 479,310,520,360,1 550,381,595,419,0 318,377,357,416,0 470,403,508,447,0
round3_lotus_mp4-49_jpg.rf.7afd224f2079539d4e215b1852052e2a.jpg 543,266,577,304,0 592,255,625,297,0 470,175,504,210,0 464,414,495,450,0 147,139,184,177,1 250,124,288,164,1 344,90,388,134,1
round3_lotus_mp4-3_jpg.rf.6b9931e4c833ed385382e96e55d721f9.jpg 93,331,129,371,1 408,273,447,314,1 504,247,542,287,1 461,312,497,349,1 535,355,579,397,1 286,432,329,471,0 427,423,463,463,0 510,398,548,432,0 448,369,485,406,0 434,397,466,432,0
round3_lotus_mp4-54_jpg.rf.7991f2af7106a4f53672b1a3264d913e.jpg 75,177,104,214,1 127,161,159,193,1 199,139,242,178,1 416,147,460,180,0 593,259,627,299,0 542,297,582,329,0 490,377,526,420,0
map_round1-2vsACEND_fracture_mp4-102_jpg.rf.79a9cede07cb99242c99030f739c649b.jpg 81,320,128,364,0 157,211,191,259,0 57,378,107,420,0 382,542,427,578,0 447,294,488,342,1 5,273,49,309,1 44,258,71,301,1 53,258,87,294,1
map_round1-2vsACEND_fracture_mp4-56_jpg.rf.77a9182566895a0479222649ce007471.jpg 512,457,556,497,0 556,262,589,304,0 582,326,622,367,0 342,531,380,573,1
map_round1-2vsACEND_fracture_mp4-33_jpg.rf.682a852688b73d1fc2b2190fbdeda7d3.jpg 490,255,526,300,0 460,486,489,529,0 469,488,511,534,0 591,300,626,342,1 66,257,98,297,1
round3_lotus_mp4-20_jpg.rf.7b7be0f27e4aad22cf7b79bb31a7a38e.jpg 307,358,342,400,0 588,281,625,314,0 577,295,612,340,0 106,281,148,318,1 382,276,427,317,1 493,113,539,155,1
map_round1-2vsACEND_fracture_mp4-119_jpg.rf.78171dff308c1b64dae1881719bd0413.jpg 407,506,445,550,0 333,528,368,567,0 353,535,397,575,0 115,204,155,241,0 68,224,109,269,1 131,351,164,390,1 89,420,125,454,1 452,300,499,337,1
map_round1-2vsACEND_fracture_mp4-33_jpg.rf.79f6b30689d8520074483a760285ac3e.jpg 490,255,525,300,0 460,486,489,529,0 469,487,511,535,0 592,300,626,342,1 67,257,98,297,1
map_round1-2vsACEND_fracture_mp4-126_jpg.rf.7aa13c73a0971d625a5db2aecf7b169d.jpg 120,247,158,287,0 529,422,563,466,0 517,467,558,501,0 498,474,541,516,0 168,509,216,545,1 84,398,116,442,1 351,281,394,320,1 517,280,552,321,1
round3_lotus_mp4-29_jpg.rf.7c667d5aebdb94459a4762259c099209.jpg 267,137,301,169,1 564,104,609,146,1 333,268,369,305,1 421,451,457,493,0 571,215,608,253,0 598,249,632,288,0 606,268,640,302,0
round3_lotus_mp4-65_jpg.rf.74dee3bcccacbe115392d8f279d2dcb6.jpg 23,206,58,240,1 88,173,124,218,1 132,191,166,236,1 283,123,325,158,0 544,307,580,342,0 482,409,518,448,0 433,489,472,524,0
map_round1-2vsACEND_fracture_mp4-132_jpg.rf.7ea2c71c2c51e651184d80e399907361.jpg 233,258,275,291,0 284,510,321,547,1 380,537,420,573,1 436,385,471,427,1 569,298,602,335,1
map_round1-2vsACEND_fracture_mp4-150_jpg.rf.7e1163186af1a962f8b8ed3d65900dba.jpg 465,300,503,342,0 542,402,575,449,1 533,476,576,522,1
map_round1-2vsACEND_fracture_mp4-31_jpg.rf.7e45c52f037b0a163361acf34f0756dd.jpg 54,259,88,294,1 580,309,622,353,1 494,258,530,296,0 441,488,474,528,0 452,486,492,522,0
round3_lotus_mp4-72_jpg.rf.7ec4947e0d054ebd63330148d165f596.jpg 130,204,169,242,1 87,172,127,212,1 24,202,58,235,1 171,152,213,182,0 505,410,544,448,0 421,462,465,497,0 322,471,357,514,0
map_round1-2vsACEND_fracture_mp4-92_jpg.rf.7c7b31cebadd69791654f05652f80bf9.jpg 195,128,237,175,0 56,409,88,448,0 89,393,122,437,0 69,422,113,468,0 388,538,421,586,0 5,269,42,317,1 38,254,68,298,1 52,258,86,301,1 530,312,564,360,1
map_round1-2vsACEND_fracture_mp4-111_jpg.rf.7eb02489fcdb68d80cab1634f7dc5b3e.jpg 278,508,320,546,0 113,474,152,511,0 105,453,148,491,0 89,228,134,260,0 25,263,59,302,1 13,305,57,349,1 25,332,66,380,1 374,304,412,346,1
map_round1-2vsACEND_fracture_mp4-106_jpg.rf.7efa45ee085b32ed28a9f959b8e4913e.jpg 284,512,328,548,0 62,322,98,368,0 115,224,159,261,0 76,366,118,414,0 431,283,464,317,1 8,275,44,307,1 27,262,58,298,1 55,260,89,299,1
round3_lotus_mp4-2_jpg.rf.819259bcb21562d17c28a39f2eee83cc.jpg 302,446,332,484,0 434,409,469,449,0 423,420,458,464,0 100,331,134,370,1 410,287,450,319,1 470,284,504,322,1 502,284,542,331,1 498,242,533,281,1
map_round1-2vsACEND_fracture_mp4-152_jpg.rf.85c61c2e1e05a91a94b7a73ba034ffb2.jpg 499,298,531,335,0 541,438,570,483,1 532,475,579,519,1
round3_lotus_mp4-67_jpg.rf.803a400cc2c336fbeb291ec46fbd5fcb.jpg 256,139,295,175,0 556,310,586,352,0 414,426,456,463,0 400,485,438,522,0 20,204,63,241,1 90,172,122,209,1 131,200,161,240,1
map_round1-2vsACEND_fracture_mp4-141_jpg.rf.80c53762bd50384adca83ddc747acbe2.jpg 409,489,445,526,1 465,485,502,518,1 442,401,485,432,1 584,315,621,344,1 425,274,466,312,0
round3_lotus_mp4-62_jpg.rf.8a682079d0599de1e1e853105478b050.jpg 308,92,348,130,0 439,442,478,485,0 525,391,570,428,0 560,291,594,327,0 23,200,60,238,1
map_round1-2vsACEND_fracture_mp4-137_jpg.rf.7f5aba2ddcbbc84f683fc2f80a801cbd.jpg 380,244,422,289,0 432,367,468,409,1 572,278,610,313,1 404,487,443,520,1 397,529,432,566,1
round3_lotus_mp4-75_jpg.rf.7ffb677ffc2f00e4e4a8ba1c00d27a54.jpg 429,418,460,459,0 413,452,441,490,0 318,436,351,478,0 146,139,180,178,0 19,202,65,238,1 81,169,116,212,1 129,198,163,241,1
map_round1-2vsACEND_fracture_mp4-129_jpg.rf.892d094190e9554feb23d6eb882d087d.jpg 148,262,178,302,0 545,408,578,453,0 373,370,412,407,1 512,279,554,323,1 254,517,298,554,1 156,477,192,514,1
map_round1-2vsACEND_fracture_mp4-24_jpg.rf.86d6f9f482c0e0cfe8b4e0d94317b675.jpg 519,222,551,266,0 398,499,442,538,0 48,262,82,294,1 545,423,579,467,1
round3_lotus_mp4-36_jpg.rf.81b41acaecfee8d37b3edde57cf928e0.jpg 366,115,408,151,1 360,177,402,211,1 536,102,584,144,1 491,206,526,250,0 589,257,623,298,0 536,290,573,326,0 438,387,475,426,0
map_round1-2vsACEND_fracture_mp4-95_jpg.rf.8a745e4ec1d5b41a6213190b34e77137.jpg 210,134,248,178,0 89,395,126,435,0 51,402,87,436,0 61,410,102,448,0 412,538,452,580,0 494,322,537,364,1 5,272,44,310,1 34,256,74,300,1 52,261,86,307,1
round3_lotus_mp4-26_jpg.rf.8520db9dea5b033da0433d8a66b5c3e7.jpg 225,190,259,226,1 561,104,609,147,1 313,273,355,311,1 572,215,610,253,0 590,253,633,286,0 610,263,640,302,0 387,488,423,530,0
round3_lotus_mp4-40_jpg.rf.80c5aa81ad06d7b6cc5c98375a09dd82.jpg 441,385,477,426,0 473,190,502,224,0 582,262,616,298,0 549,305,580,338,0 492,110,534,146,1 341,94,377,130,1 360,130,396,164,1
map_round1-2vsACEND_fracture_mp4-71_jpg.rf.83d8a4ab1dc4840e54f76a251ffe6bed.jpg 526,400,570,450,1 579,358,617,404,0 598,333,628,375,0 513,331,553,377,0
round3_lotus_mp4-55_jpg.rf.88c57a31d1a18d5309ceac999156c531.jpg 404,146,444,177,0 592,257,624,296,0 530,301,570,330,0 495,365,528,402,0 63,175,97,213,1 91,177,134,213,1 169,149,210,184,1
map_round1-2vsACEND_fracture_mp4-54_jpg.rf.8d80d7124e80c24ea52ecc549f4293aa.jpg 550,263,590,308,0 581,311,617,355,0 531,443,565,481,0 247,510,289,552,1
map_round1-2vsACEND_fracture_mp4-43_jpg.rf.8b5e0828e4f4e74cad3f28109617574a.jpg 522,304,554,338,0 560,368,594,408,0 536,389,573,432,0 36,270,81,310,1
round3_lotus_mp4-74_jpg.rf.89ac95879b110af5e0e1af80e3e1dbc2.jpg 24,203,60,237,1 91,172,127,210,1 133,200,165,238,1 147,140,186,178,0 309,448,343,490,0 415,456,454,494,0 452,411,491,443,0
map_round1-2vsACEND_fracture_mp4-129_jpg.rf.83afe1482fc1c1d4836cca68206a0d6a.jpg 148,262,178,302,0 545,408,578,453,0 373,370,412,407,1 512,279,554,323,1 254,517,298,554,1 156,477,192,514,1
map_round1-2vsACEND_fracture_mp4-73_jpg.rf.902099e67ddf79445709743081f10ab8.jpg 528,390,570,431,1 570,363,622,402,0 588,344,634,388,0 512,327,560,377,0
map_round1-2vsACEND_fracture_mp4-74_jpg.rf.8c79dfc9956c130c8b0b39ae11d93943.jpg 546,376,589,422,1 515,324,558,378,0 579,356,615,399,0 598,349,634,385,0
map_round1-2vsACEND_fracture_mp4-104_jpg.rf.82db16ff58d6fd13cf6140c6c4f998ef.jpg 4,271,38,309,1 33,272,66,310,1 51,257,81,299,1 63,319,109,364,0 72,371,108,420,0 352,537,388,574,0 148,232,192,267,0 446,300,485,336,1
map_round1-2vsACEND_fracture_mp4-109_jpg.rf.924ca40580a7147dc258c355e04a38b3.jpg 88,421,121,464,0 95,429,141,470,0 45,336,86,387,0 199,502,241,548,0 90,202,133,250,0 7,272,38,312,1 41,259,74,299,1 26,279,61,318,1 375,280,417,326,1
map_round1-2vsACEND_fracture_mp4-1_jpg.rf.902baf380b4535796ceb672484c8003f.jpg 318,108,348,138,0 232,540,260,574,0 389,543,422,576,0 386,576,418,610,0 388,564,421,596,0 74,383,105,415,1 454,355,486,391,1 551,420,583,456,1 528,236,560,268,1 555,421,586,448,1
map_round1-2vsACEND_fracture_mp4-5_jpg.rf.90d07573b5b0ef48122f87c77a254020.jpg 51,335,86,363,1 476,352,510,388,1 518,289,550,325,1 531,451,566,483,1 549,433,585,465,1 240,528,273,560,0 401,519,436,553,0 319,107,350,139,0 406,549,440,582,0 420,540,451,574,0
map_round1-2vsACEND_fracture_mp4-119_jpg.rf.9017c5e89dd6957cfc71ff7d7350e124.jpg 407,506,445,550,0 333,528,368,567,0 353,535,397,575,0 115,204,155,241,0 68,224,109,269,1 131,351,164,390,1 89,420,125,454,1 452,300,499,337,1
map_round1-2vsACEND_fracture_mp4-24_jpg.rf.93469357c3bd2d9f5d3ddea307200dc0.jpg 519,222,551,266,0 398,499,442,538,0 48,262,82,294,1 544,423,579,467,1
round3_lotus_mp4-71_jpg.rf.958994b56a95ab60f83d7edd1c6dce81.jpg 334,472,367,517,0 427,460,460,497,0 524,400,562,440,0 191,149,232,187,0 20,202,61,236,1 94,172,132,211,1 128,200,164,244,1
map_round1-2vsACEND_fracture_mp4-90_jpg.rf.90eb0694003dfcdcfd4dad96e6e02929.jpg 392,542,426,588,0 73,444,106,484,0 95,390,124,432,0 84,421,117,457,0 204,101,241,143,0 555,334,590,381,1 5,267,43,313,1 36,257,68,296,1 55,258,83,305,1
map_round1-2vsACEND_fracture_mp4-51_jpg.rf.9181b84ab130df64ed5c47166dd6099c.jpg 175,493,220,538,1 548,455,591,497,0 551,266,587,308,0 582,310,622,354,0
map_round1-2vsACEND_fracture_mp4-109_jpg.rf.8e492b48526eaeea4a6e1969ff09553b.jpg 88,421,121,464,0 95,429,141,471,0 46,336,86,387,0 199,503,241,548,0 90,202,133,250,0 7,272,38,312,1 41,259,74,299,1 26,279,61,318,1 375,280,417,326,1
map_round1-2vsACEND_fracture_mp4-21_jpg.rf.914562a61ed6bed721c9715e5649f339.jpg 484,181,519,219,0 397,514,441,561,0 66,258,98,296,1 550,465,586,503,1
map_round1-2vsACEND_fracture_mp4-60_jpg.rf.959619d5ec933423999c3842702d1495.jpg 392,516,436,565,1 529,442,570,492,0 551,267,588,309,0 589,314,631,357,0
map_round1-2vsACEND_fracture_mp4-15_jpg.rf.93fcf97f6652a2e4cf8058e5645721a1.jpg 488,505,516,537,1 514,460,551,495,1 527,437,561,472,1 373,62,405,96,0 470,455,502,491,0 426,493,459,528,0 403,503,434,537,0 62,256,97,298,1
map_round1-2vsACEND_fracture_mp4-6_jpg.rf.9191741e0909ca4175333089efcf3de3.jpg 239,531,273,561,0 377,552,407,582,0 438,552,468,587,0 386,546,412,574,0 320,108,350,140,0 34,277,66,308,1 506,503,539,534,1 535,466,573,500,1 525,332,554,370,1 536,344,570,377,1
map_round1-2vsACEND_fracture_mp4-66_jpg.rf.92e833d6cdc425a07b550b31c54b5dbc.jpg 581,266,621,306,0 588,356,632,394,0 522,326,564,379,0 504,454,548,504,1
round3_lotus_mp4-51_jpg.rf.831b60088427cde2fb8779a165ee1700.jpg 447,151,490,184,0 532,253,570,295,0 593,258,624,294,0 510,403,547,439,0 102,176,143,212,1 183,134,227,172,1 264,134,304,174,1