map_round1-2vsACEND_fracture_mp4-45_jpg.rf.ed451f20b0a13a4577c36686f46cfbd7.jpg 49,314,92,357,1 559,283,599,322,0 574,333,622,369,0 560,352,597,397,0
map_round1-2vsACEND_fracture_mp4-6_jpg.rf.f33beada1178b77c321c2f3a853044cb.jpg 239,531,273,561,0 377,552,407,582,0 438,552,468,587,0 386,546,413,575,0 320,108,351,140,0 34,277,66,308,1 506,503,539,534,1 535,466,573,500,1 525,333,554,370,1 536,344,570,377,1
map_round1-2vsACEND_fracture_mp4-149_jpg.rf.f10ce2563dcf98852965322c855baed1.jpg 463,320,506,358,0 548,377,587,425,1 536,476,570,522,1
map_round1-2vsACEND_fracture_mp4-13_jpg.rf.ee1cf942f06c126c340be3d08b2efcda.jpg 59,262,91,294,1 526,435,560,472,1 537,449,568,478,1 483,496,521,539,1 301,97,334,131,0 342,530,374,561,0 417,513,452,553,0 399,494,433,532,0
map_round1-2vsACEND_fracture_mp4-97_jpg.rf.f38c68a1da810f41e824b9bec801af7f.jpg 46,400,90,445,0 76,403,124,444,0 410,513,446,556,0 218,172,256,213,0 5,272,47,310,1 37,260,79,298,1 49,259,87,292,1 469,320,508,357,1
map_round1-2vsACEND_fracture_mp4-130_jpg.rf.fea0f5cb5d7be06dd0e05395548b49f8.jpg 517,284,556,332,1 392,395,435,436,1 320,528,362,566,1 218,510,261,547,1 172,289,218,332,0
map_round1-2vsACEND_fracture_mp4-123_jpg.rf.ee1f8ea9ff7c6672534cc383956485e1.jpg 506,466,542,504,0 470,485,503,526,0 431,487,472,526,0 111,214,147,253,0 67,336,105,377,1 127,476,167,512,1 284,291,328,334,1 508,276,545,318,1
map_round1-2vsACEND_fracture_mp4-150_jpg.rf.fc68879b5dfcc6c30a1938dffcf7a2b5.jpg 465,300,503,342,0 542,402,576,449,1 533,476,576,522,1
map_round1-2vsACEND_fracture_mp4-9_jpg.rf.fe5fe8123340ab1ef482ed44beaebf35.jpg 319,107,351,139,0 252,509,289,540,0 400,534,435,569,0 439,547,476,582,0 404,531,434,562,0 54,264,86,294,1 548,368,579,403,1 543,393,576,430,1 473,486,513,522,1 502,474,545,512,1
map_round1-2vsACEND_fracture_mp4-59_jpg.rf.f97daf1910dff24a05e01a22f005e905.jpg 509,461,550,500,0 588,311,627,349,0 551,262,588,305,0 394,535,433,578,1
map_round1-2vsACEND_fracture_mp4-121_jpg.rf.f8a4e890a1a56cc55100899c2bf63c46.jpg 433,469,472,512,0 112,203,159,244,0 403,521,442,560,0 401,534,437,573,0 107,467,149,505,1 36,267,68,301,1 199,356,240,393,1 480,299,517,341,1
map_round1-2vsACEND_fracture_mp4-31_jpg.rf.f2ccd4a4691eab962a5f309b28e51653.jpg 54,259,89,294,1 580,309,622,353,1 495,258,530,296,0 441,488,474,528,0 452,487,492,522,0
map_round1-2vsACEND_fracture_mp4-132_jpg.rf.f5ab4f3881ba401015c96f655ecbe629.jpg 233,258,275,291,0 284,510,321,547,1 380,537,421,573,1 435,385,471,427,1 569,298,602,335,1
map_round1-2vsACEND_fracture_mp4-86_jpg.rf.f7ab16d71d6072c89e0a0d4392ac7cf4.jpg 536,400,574,439,1 56,259,92,299,1 41,261,70,291,1 6,275,41,310,1 100,442,136,488,0 112,485,147,525,0 135,458,172,505,0 398,535,431,570,0 241,77,276,115,0
map_round1-2vsACEND_fracture_mp4-115_jpg.rf.ff7ac6effc5e3211979e71ab1529ba6a.jpg 415,276,458,320,1 62,260,96,303,1 56,329,98,365,1 46,348,80,387,1 109,196,156,236,0 200,494,233,539,0 213,509,257,549,0 343,558,392,598,0
map_round1-2vsACEND_fracture_mp4-56_jpg.rf.f4e8d3b195e2982846492cb8ffbdb11a.jpg 512,457,556,497,0 556,262,589,304,0 582,326,622,367,0 342,531,380,573,1
map_round1-2vsACEND_fracture_mp4-123_jpg.rf.eae6ccee410d3aeab4605d532c9f26bc.jpg 506,466,542,504,0 470,485,503,526,0 431,487,472,526,0 111,214,147,253,0 67,336,105,377,1 127,476,167,512,1 284,291,328,334,1 508,276,545,318,1
map_round1-2vsACEND_fracture_mp4-66_jpg.rf.0086f1722c91f44377ee2fd978ee7020.jpg 581,267,621,306,0 588,356,632,395,0 522,326,564,379,0 504,454,548,504,1
map_round1-2vsACEND_fracture_mp4-41_jpg.rf.0d07f9803c648ede46c57b90c0fa349e.jpg 54,261,93,301,1 595,324,637,373,1 517,281,556,320,0 555,393,592,436,0 550,409,585,451,0
map_round1-2vsACEND_fracture_mp4-24_jpg.rf.0b0128ce55c3592ccad24d41aa607b26.jpg 519,222,551,266,0 398,499,442,538,0 48,262,82,294,1 544,423,579,467,1
map_round1-2vsACEND_fracture_mp4-151_jpg.rf.08650ce116ae132f5eee5024fc692a80.jpg 535,480,569,524,1 538,409,575,454,1 465,300,506,342,0
map_round1-2vsACEND_fracture_mp4-86_jpg.rf.004f3f5242d7947da25d268fedbc1d91.jpg 536,400,574,439,1 56,259,92,299,1 41,261,70,291,1 6,276,41,310,1 100,443,136,488,0 112,485,147,525,0 135,458,172,505,0 399,535,431,570,0 241,77,276,115,0
map_round1-2vsACEND_fracture_mp4-151_jpg.rf.0c03ddb9a7b3ee683c594583542d9aed.jpg 535,480,569,524,1 538,409,575,454,1 465,300,507,342,0
map_round1-2vsACEND_fracture_mp4-125_jpg.rf.001b19a0fb82f078d38c7132a77295b4.jpg 316,277,360,311,1 74,371,116,407,1 148,493,191,526,1 515,279,549,318,1 118,234,150,266,0 465,479,497,514,0 491,480,527,519,0 532,454,567,488,0
map_round1-2vsACEND_fracture_mp4-127_jpg.rf.04801da440376bd786fe936852cc8350.jpg 124,447,162,498,1 223,519,270,556,1 369,335,407,374,1 516,276,550,315,1 550,429,588,468,0 537,433,575,476,0 127,253,169,289,0
map_round1-2vsACEND_fracture_mp4-5_jpg.rf.0eb951f323d198e50674227ccb59528a.jpg 51,335,86,363,1 476,353,511,388,1 518,289,551,325,1 531,451,566,483,1 550,433,585,465,1 240,528,273,560,0 401,519,436,553,0 319,107,350,139,0 406,549,440,582,0 420,540,451,574,0
map_round1-2vsACEND_fracture_mp4-10_jpg.rf.019aeaaac6f00f302463c5a6bafaa592.jpg 63,261,96,299,1 468,476,507,514,1 491,467,526,500,1 538,408,571,448,1 546,392,577,429,1 267,504,305,540,0 441,544,476,583,0 321,109,355,146,0 407,516,438,553,0 398,517,433,552,0
map_round1-2vsACEND_fracture_mp4-91_jpg.rf.0e47e56d52aa4653d060d7b86342f828.jpg 550,322,582,368,1 6,269,45,313,1 42,257,70,301,1 54,260,86,300,1 391,538,424,585,0 205,120,238,165,0 92,396,128,435,0 65,429,107,465,0 81,412,123,452,0
map_round1-2vsACEND_fracture_mp4-18_jpg.rf.166bd8357663d56552266a99ed10c7c3.jpg 46,261,80,298,1 527,439,565,474,1 489,467,530,504,1 416,66,454,110,0 423,494,455,527,0 402,502,439,537,0
map_round1-2vsACEND_fracture_mp4-38_jpg.rf.0c008c974f3229be5f12e09c7ab7f1e1.jpg 587,292,627,328,1 45,262,85,299,1 497,257,534,297,0 536,440,569,478,0 515,470,551,509,0
map_round1-2vsACEND_fracture_mp4-136_jpg.rf.0df8dd532830865b377073e5bbf8c7dd.jpg 373,551,409,593,1 399,507,432,539,1 439,369,471,404,1 588,290,619,320,1 326,246,372,295,0
map_round1-2vsACEND_fracture_mp4-151_jpg.rf.26759bfbfba3c188d5bf9186d6180240.jpg 535,480,569,524,1 538,409,575,454,1 465,300,507,342,0
map_round1-2vsACEND_fracture_mp4-48_jpg.rf.159394d5ca2d7c41524b8b14898d741a.jpg 587,267,624,313,0 571,315,617,352,0 545,400,580,447,0 81,406,122,447,1
map_round1-2vsACEND_fracture_mp4-135_jpg.rf.17d6997162f277740ed468cfc8e4b1e4.jpg 304,248,343,287,0 432,368,465,408,1 592,288,631,323,1 394,518,431,553,1 343,547,381,580,1
map_round1-2vsACEND_fracture_mp4-6_jpg.rf.161793d95427d8477413091f694dfb95.jpg 239,531,273,561,0 377,552,407,582,0 438,552,468,587,0 386,546,413,575,0 320,108,351,140,0 34,277,66,308,1 506,503,539,534,1 535,466,573,500,1 525,333,554,370,1 536,344,570,377,1
map_round1-2vsACEND_fracture_mp4-21_jpg.rf.16f1eefba8b87b955b5cffc246c658b3.jpg 484,181,519,219,0 397,514,441,561,0 66,258,98,296,1 550,465,586,503,1
map_round1-2vsACEND_fracture_mp4-109_jpg.rf.178be0a54ff9468293a47a88bd10feeb.jpg 88,421,121,464,0 95,429,141,470,0 45,336,86,387,0 199,503,241,548,0 90,202,133,250,0 7,272,38,312,1 41,259,74,299,1 26,279,61,318,1 375,280,417,326,1
map_round1-2vsACEND_fracture_mp4-142_jpg.rf.0fd8cc840eb201883241b50f9b5b83c6.jpg 433,296,466,328,0 575,315,619,348,1 435,395,482,434,1 447,490,483,520,1 517,471,553,509,1
map_round1-2vsACEND_fracture_mp4-54_jpg.rf.17796e9af76f501a678f9fe7af28e282.jpg 550,264,590,308,0 581,311,617,355,0 531,443,565,481,0 247,510,288,552,1
map_round1-2vsACEND_fracture_mp4-34_jpg.rf.11884b9c1329a29d54b1894a8bef80e5.jpg 48,262,87,302,1 594,281,629,325,1 495,252,529,301,0 494,479,528,517,0 477,483,516,531,0
map_round1-2vsACEND_fracture_mp4-41_jpg.rf.23780427215a4125a9d8852d2bf54b21.jpg 54,261,93,301,1 595,324,637,373,1 517,281,556,320,0 555,393,592,436,0 550,409,585,451,0
map_round1-2vsACEND_fracture_mp4-90_jpg.rf.11ca706152a6d21243eb30d88c554253.jpg 392,542,426,588,0 73,444,106,484,0 95,390,124,432,0 84,422,116,457,0 204,101,241,143,0 555,333,590,381,1 5,267,43,313,1 36,257,68,296,1 55,258,83,305,1
map_round1-2vsACEND_fracture_mp4-129_jpg.rf.1da594fc18fedc33f1e132b9ff5ef065.jpg 148,262,178,302,0 546,408,578,453,0 374,370,412,407,1 512,279,554,323,1 254,517,298,554,1 156,477,193,514,1
map_round1-2vsACEND_fracture_mp4-141_jpg.rf.251eb4b79b85384ff1921574bae2d984.jpg 409,489,445,526,1 465,485,502,518,1 442,401,485,433,1 584,314,621,344,1 424,274,466,312,0
map_round1-2vsACEND_fracture_mp4-65_jpg.rf.29fb7008b79e9c0b87a6c09cbdd3dc1c.jpg 465,488,508,526,1 538,387,574,435,0 578,262,615,305,0 579,331,623,369,0
map_round1-2vsACEND_fracture_mp4-140_jpg.rf.2091b9b6112f18bc8d9fe0e11832b96d.jpg 413,268,450,307,0 585,295,618,332,1 436,402,483,441,1 400,502,437,533,1 437,484,475,523,1
map_round1-2vsACEND_fracture_mp4-135_jpg.rf.156255adddce1a501fcd64bd5ddbc77c.jpg 304,248,343,287,0 432,368,465,408,1 592,288,631,323,1 394,518,431,553,1 343,547,381,580,1
map_round1-2vsACEND_fracture_mp4-94_jpg.rf.2a0b02c71d963a1a01ac94ab5ee8cc83.jpg 512,314,551,363,1 5,274,43,307,1 44,261,75,304,1 51,259,95,296,1 204,134,246,180,0 401,539,434,581,0 50,401,86,439,0 92,392,124,436,0 67,419,100,457,0
map_round1-2vsACEND_fracture_mp4-137_jpg.rf.2a1b0f687be5b2bcd97f2f93dba5837e.jpg 380,245,422,289,0 433,368,467,409,1 573,278,610,313,1 404,487,443,520,1 398,529,432,566,1
map_round1-2vsACEND_fracture_mp4-51_jpg.rf.16ead54e3a82d847d52bbd6ed1cfc439.jpg 175,493,220,538,1 548,455,591,497,0 551,266,587,308,0 582,311,622,354,0
map_round1-2vsACEND_fracture_mp4-95_jpg.rf.27541e5daa4bc452db10f15c3c8ee783.jpg 210,134,248,178,0 89,395,126,435,0 51,402,87,436,0 61,410,102,448,0 413,538,452,580,0 494,322,537,365,1 5,272,44,311,1 34,256,75,300,1 52,261,87,307,1
map_round1-2vsACEND_fracture_mp4-59_jpg.rf.2b121cc51868a3e6f29d3eb69a94793b.jpg 509,461,550,500,0 588,311,627,349,0 551,262,588,305,0 394,535,433,578,1
map_round1-2vsACEND_fracture_mp4-137_jpg.rf.1d274bf694de65e7360aa1fca6a35817.jpg 380,244,422,289,0 433,367,468,409,1 573,278,610,313,1 404,487,443,520,1 397,529,432,566,1
map_round1-2vsACEND_fracture_mp4-122_jpg.rf.1da85fc1c7ed7fba23fde831cbf4a128.jpg 500,286,537,326,1 255,311,298,354,1 43,318,90,352,1 106,466,149,506,1 120,208,154,247,0 428,485,465,527,0 442,490,475,528,0 478,460,515,498,0
map_round1-2vsACEND_fracture_mp4-120_jpg.rf.2211a0068c22a23c32880d964b7310c5.jpg 464,301,503,342,1 166,364,204,397,1 91,447,127,481,1 64,262,103,296,1 118,205,154,242,0 365,535,400,575,0 387,537,427,576,0 425,495,468,530,0
map_round1-2vsACEND_fracture_mp4-65_jpg.rf.33382b1711f7582fa63a81f935ed0892.jpg 465,487,508,526,1 538,387,574,435,0 578,262,615,305,0 579,331,623,369,0
map_round1-2vsACEND_fracture_mp4-121_jpg.rf.2b986dc8b6a2cd1e7d5a5c59c61cce16.jpg 433,469,472,512,0 112,203,159,244,0 403,521,442,560,0 401,534,437,573,0 107,467,149,505,1 36,267,68,301,1 199,356,240,393,1 480,299,517,341,1
map_round1-2vsACEND_fracture_mp4-28_jpg.rf.2a1d8ea5f50a94abe9102875b38ace33.jpg 505,253,540,295,0 396,517,431,558,0 412,527,452,571,0 56,263,94,300,1 574,364,613,397,1
map_round1-2vsACEND_fracture_mp4-39_jpg.rf.2b464034cb1625f39bbfe4fe52f38409.jpg 503,262,536,304,0 512,466,555,508,0 541,419,581,465,0 48,259,87,299,1 581,303,622,347,1
map_round1-2vsACEND_fracture_mp4-1_jpg.rf.2ee604792c87564870b8a275a6e8b39b.jpg 318,108,349,138,0 232,540,260,574,0 389,543,422,576,0 386,576,418,610,0 388,564,421,596,0 74,383,105,415,1 454,355,486,391,1 551,420,583,456,1 528,236,561,269,1 555,421,586,448,1
map_round1-2vsACEND_fracture_mp4-1_jpg.rf.1536a6f4d319153e43b1749b9c3c113d.jpg 318,108,349,138,0 232,540,260,574,0 389,543,422,576,0 386,576,418,610,0 388,563,421,596,0 74,383,105,415,1 454,355,486,391,1 551,421,583,456,1 528,235,561,269,1 555,421,586,448,1
map_round1-2vsACEND_fracture_mp4-86_jpg.rf.40a2eeb9b62533f26d440268d4344f3a.jpg 536,400,574,439,1 56,259,92,299,1 41,261,70,291,1 6,275,41,310,1 100,442,136,488,0 112,485,147,525,0 135,458,172,505,0 398,535,431,570,0 241,77,276,115,0
map_round1-2vsACEND_fracture_mp4-61_jpg.rf.3df1e45236ff66dcbbb1ff2a38718785.jpg 515,456,555,501,0 553,264,585,303,0 583,319,627,365,0 388,489,441,531,1
map_round1-2vsACEND_fracture_mp4-59_jpg.rf.40a9dec162aa37338c78ed8f23911836.jpg 509,461,550,500,0 588,311,627,349,0 551,262,588,305,0 394,535,433,578,1
map_round1-2vsACEND_fracture_mp4-41_jpg.rf.3f19878113cb486615e45b2105354781.jpg 54,261,93,301,1 595,324,637,373,1 517,281,556,320,0 555,393,592,436,0 550,409,585,451,0
map_round1-2vsACEND_fracture_mp4-122_jpg.rf.3787647eff8a88b5a07f81ba3b658e8e.jpg 500,286,537,326,1 255,311,298,354,1 43,318,90,352,1 106,466,149,506,1 120,208,154,247,0 428,485,465,527,0 442,489,475,528,0 478,460,515,498,0
map_round1-2vsACEND_fracture_mp4-90_jpg.rf.3d67de72e228fb83c5dc6d660646c2a5.jpg 392,542,426,588,0 73,444,106,484,0 95,390,124,432,0 84,422,116,457,0 204,101,241,143,0 555,333,590,381,1 5,267,43,313,1 36,257,68,296,1 55,258,83,305,1
map_round1-2vsACEND_fracture_mp4-33_jpg.rf.450c215da4538988907666cff87e65a3.jpg 490,255,526,300,0 460,486,489,529,0 469,488,511,535,0 591,300,626,342,1 66,257,98,297,1
map_round1-2vsACEND_fracture_mp4-30_jpg.rf.3db318e98f43a7fcf11f227c95c69b9c.jpg 507,268,537,308,0 407,492,437,538,0 418,496,458,535,0 44,259,85,294,1 588,339,625,378,1
map_round1-2vsACEND_fracture_mp4-40_jpg.rf.32da3f4885b98d31739c4f3c8a7f94cc.jpg 44,256,84,300,1 588,323,629,360,1 511,265,546,306,0 551,405,592,454,0 524,458,564,496,0
map_round1-2vsACEND_fracture_mp4-1_jpg.rf.40af77e862a7f4cc73ad85ddc5f717dc.jpg 318,108,349,138,0 232,540,260,574,0 389,543,422,576,0 386,576,418,610,0 388,564,421,596,0 74,383,105,415,1 454,355,486,391,1 551,420,583,456,1 528,236,561,269,1 555,421,586,448,1
map_round1-2vsACEND_fracture_mp4-10_jpg.rf.35861a498c6ab6e645c6a245e5f98088.jpg 63,261,96,299,1 468,476,507,514,1 491,467,526,500,1 538,408,571,448,1 546,392,577,429,1 267,504,305,540,0 441,544,476,583,0 321,109,355,146,0 407,516,438,553,0 398,517,433,552,0
map_round1-2vsACEND_fracture_mp4-5_jpg.rf.373f2c72d314615b26cc383cf5539c67.jpg 51,335,86,363,1 476,353,511,388,1 518,289,551,325,1 531,451,566,483,1 549,433,585,465,1 240,528,273,560,0 401,519,436,553,0 319,107,350,139,0 406,549,440,582,0 420,540,451,574,0
map_round1-2vsACEND_fracture_mp4-140_jpg.rf.2e27d96159b135b90847158d53846288.jpg 413,268,450,307,0 585,295,619,332,1 436,402,483,441,1 400,502,437,533,1 437,484,476,523,1
map_round1-2vsACEND_fracture_mp4-73_jpg.rf.40b51627c80ad864181b7011e47cc7a9.jpg 528,390,570,431,1 570,363,622,402,0 588,344,634,388,0 513,327,560,377,0
map_round1-2vsACEND_fracture_mp4-25_jpg.rf.3ec7e587b003005acd1c172089800fd2.jpg 541,400,574,443,1 63,262,96,296,1 529,235,562,274,0 410,498,449,532,0 399,510,436,543,0
map_round1-2vsACEND_fracture_mp4-142_jpg.rf.4173c6eda598a62daea576b8c9f2dba2.jpg 433,296,466,328,0 575,315,619,348,1 435,395,482,434,1 447,490,483,520,1 517,471,553,509,1
map_round1-2vsACEND_fracture_mp4-60_jpg.rf.2ce3dc272883157e5cf722bb810724ce.jpg 392,516,437,565,1 529,443,570,492,0 551,267,588,309,0 589,314,631,357,0
map_round1-2vsACEND_fracture_mp4-51_jpg.rf.463628c4ad6307bf3c84b64f71ed4736.jpg 175,493,220,538,1 548,455,591,497,0 551,266,587,308,0 582,311,622,354,0
map_round1-2vsACEND_fracture_mp4-38_jpg.rf.428f70f22612ba06f33465509bc414c9.jpg 587,292,627,328,1 45,262,85,299,1 497,257,534,297,0 536,440,569,478,0 515,470,551,509,0
map_round1-2vsACEND_fracture_mp4-97_jpg.rf.4c1eb87aa60bb297b658a3ba6bcc2a1f.jpg 46,399,90,445,0 76,403,124,444,0 410,513,446,556,0 218,172,256,213,0 5,272,47,311,1 37,260,79,298,1 49,259,87,292,1 469,320,508,357,1
map_round1-2vsACEND_fracture_mp4-146_jpg.rf.496221490335e5ec94a1ffc5bbdf5f37.jpg 404,385,439,435,1 521,460,558,507,1 550,396,585,444,1 427,300,475,341,0
map_round1-2vsACEND_fracture_mp4-126_jpg.rf.4766a72d473334e7d05310ff64af3237.jpg 120,247,158,287,0 529,422,563,466,0 517,467,558,501,0 498,474,541,516,0 168,509,216,545,1 84,398,116,442,1 351,281,394,320,1 517,280,552,321,1
map_round1-2vsACEND_fracture_mp4-31_jpg.rf.4a07fd5fdcd4a9ce5312321d0774a34f.jpg 54,259,89,294,1 580,309,622,353,1 495,258,530,296,0 441,488,474,528,0 452,487,492,522,0
map_round1-2vsACEND_fracture_mp4-31_jpg.rf.4a05bed1bac98b7251267dd5207d3c43.jpg 54,259,89,294,1 580,309,622,353,1 495,258,529,295,0 441,488,474,528,0 452,487,492,522,0
map_round1-2vsACEND_fracture_mp4-36_jpg.rf.47f572927eaa98c2e4730ae2c47dcb89.jpg 493,262,529,304,0 525,444,561,490,0 517,485,555,525,0 52,258,85,300,1 583,272,622,311,1
map_round1-2vsACEND_fracture_mp4-19_jpg.rf.4ac6da9567b0ae5ef76d32fc6f3c1900.jpg 51,262,84,295,1 535,435,571,477,1 444,96,476,131,0 398,509,433,541,0 413,503,452,537,0
map_round1-2vsACEND_fracture_mp4-139_jpg.rf.4d0c2dd19c1c3b0eea6dce330fdb226f.jpg 427,392,467,425,1 574,281,617,313,1 421,490,459,516,1 399,515,436,546,1 395,259,437,294,0
map_round1-2vsACEND_fracture_mp4-34_jpg.rf.4f037263c2c7bbf5c33be602b0383121.jpg 48,262,87,302,1 594,281,629,325,1 495,253,528,301,0 494,479,528,517,0 477,483,516,530,0
map_round1-2vsACEND_fracture_mp4-101_jpg.rf.47140f4e25ec91eca33f365c79ba611e.jpg 437,291,479,334,1 4,272,44,312,1 38,262,70,302,1 51,256,84,301,1 177,209,222,246,0 56,406,98,449,0 63,400,98,439,0 421,510,461,553,0
map_round1-2vsACEND_fracture_mp4-152_jpg.rf.4a080b606784e669fd3106b2fc211a8e.jpg 499,298,531,335,0 541,437,570,483,1 531,475,579,519,1
map_round1-2vsACEND_fracture_mp4-11_jpg.rf.30e68213b12e2fb695c06ee82ce022fc.jpg 303,518,338,553,0 437,541,467,576,0 400,507,431,541,0 321,107,353,140,0 58,259,87,296,1 459,478,495,514,1 536,432,566,465,1 529,452,560,482,1
map_round1-2vsACEND_fracture_mp4-136_jpg.rf.4d3f1db4444e236e125fe6fec2704fa5.jpg 374,551,409,593,1 399,508,432,539,1 439,369,471,404,1 588,291,619,320,1 326,246,372,295,0
map_round1-2vsACEND_fracture_mp4-79_jpg.rf.4e5c6a29439e1398a70345f7681e3561.jpg 5,272,46,312,1 42,259,75,303,1 54,258,89,300,1 120,297,152,338,1 497,485,536,522,1 176,530,218,576,0 194,510,231,551,0 219,505,260,553,0 395,554,436,604,0 312,104,349,149,0
map_round1-2vsACEND_fracture_mp4-38_jpg.rf.4eff2ddb4817c967b2221c42daa9c3f8.jpg 587,292,627,328,1 45,262,85,299,1 497,257,534,297,0 536,440,569,478,0 515,470,551,509,0
map_round1-2vsACEND_fracture_mp4-115_jpg.rf.51c973cd9bd69cb79baa3eae90bcf481.jpg 415,276,458,320,1 62,260,96,303,1 56,329,98,365,1 46,348,80,387,1 109,196,156,236,0 200,494,233,539,0 213,509,257,549,0 343,558,392,598,0
map_round1-2vsACEND_fracture_mp4-104_jpg.rf.58465a03b5873ba41cb551cbd2d3d094.jpg 4,271,38,309,1 34,272,66,309,1 51,257,81,299,1 63,319,109,364,0 73,371,108,420,0 352,537,388,574,0 148,233,192,267,0 446,300,485,336,1
map_round1-2vsACEND_fracture_mp4-11_jpg.rf.57d9c84d49dd42fe1dff3fb8d6c94a6d.jpg 303,518,338,552,0 437,541,467,576,0 400,507,431,541,0 320,107,353,140,0 58,259,87,296,1 459,478,495,514,1 536,432,566,465,1 529,452,560,482,1
map_round1-2vsACEND_fracture_mp4-6_jpg.rf.4fc58bd7e9243b822225612c7d3ff82f.jpg 239,531,273,561,0 377,552,407,582,0 438,552,468,587,0 386,546,413,575,0 320,108,351,140,0 34,277,66,308,1 506,503,539,534,1 535,466,573,500,1 525,333,554,370,1 536,344,570,377,1
map_round1-2vsACEND_fracture_mp4-40_jpg.rf.4a600a06c9ec5e2e69d94e36a33b9b34.jpg 44,256,84,300,1 588,323,629,360,1 511,265,546,306,0 551,405,592,454,0 524,458,564,496,0
map_round1-2vsACEND_fracture_mp4-28_jpg.rf.4b0ad0daeeea337eb21d6932b7e3df05.jpg 505,253,540,295,0 396,517,431,558,0 412,527,452,571,0 56,263,94,300,1 574,364,613,397,1
map_round1-2vsACEND_fracture_mp4-21_jpg.rf.53020352928508dbef9edeb333e569a8.jpg 484,181,519,219,0 397,514,441,561,0 67,258,98,295,1 550,465,586,503,1
map_round1-2vsACEND_fracture_mp4-137_jpg.rf.51ca8e92c80a610e9d5097df30f4a61a.jpg 380,244,422,289,0 433,367,468,409,1 573,278,610,313,1 404,487,443,520,1 397,529,432,566,1
map_round1-2vsACEND_fracture_mp4-111_jpg.rf.53d8d74374e3c91e555ba10c3e9d7cbe.jpg 278,508,321,546,0 113,474,152,511,0 105,453,148,491,0 89,228,134,260,0 25,263,59,302,1 13,305,57,349,1 25,332,66,380,1 375,304,412,346,1
map_round1-2vsACEND_fracture_mp4-61_jpg.rf.57a942d0e14d3afd5244ea8bbd75f626.jpg 515,457,555,501,0 553,265,585,303,0 583,319,627,365,0 388,489,441,532,1
map_round1-2vsACEND_fracture_mp4-45_jpg.rf.59fa8bd12100dd2ab7dd0c5ebe337cec.jpg 49,314,92,357,1 559,283,599,322,0 574,333,622,369,0 560,352,597,397,0
map_round1-2vsACEND_fracture_mp4-125_jpg.rf.57c627b1349ab30f80f3b7d2887d5042.jpg 316,277,360,311,1 74,371,116,407,1 148,494,191,526,1 515,279,549,318,1 118,234,150,266,0 465,479,497,514,0 491,480,527,519,0 532,454,567,488,0
map_round1-2vsACEND_fracture_mp4-127_jpg.rf.56dab4f37c3036bbe74c68b9784348b1.jpg 124,447,162,498,1 223,519,270,556,1 369,335,407,374,1 516,276,550,315,1 550,429,588,468,0 537,433,575,476,0 127,253,169,289,0
map_round1-2vsACEND_fracture_mp4-11_jpg.rf.5d331688d00f3a184f15177a9b7db1a0.jpg 303,518,338,553,0 437,541,467,576,0 400,507,431,541,0 321,107,353,140,0 58,259,87,296,1 459,478,495,514,1 536,432,566,465,1 529,452,560,482,1
map_round1-2vsACEND_fracture_mp4-19_jpg.rf.551ce81364b91e3bbb95f093fde9f86f.jpg 51,262,84,295,1 535,435,571,477,1 444,95,476,131,0 398,509,433,541,0 413,503,452,537,0
map_round1-2vsACEND_fracture_mp4-149_jpg.rf.536291072c93d50e103649afe74915f8.jpg 463,320,506,358,0 548,377,587,425,1 536,476,570,522,1
map_round1-2vsACEND_fracture_mp4-92_jpg.rf.51800620bb7ad3dd97a5e0087bcd31a1.jpg 195,128,237,175,0 56,409,88,448,0 89,393,122,437,0 69,422,113,468,0 388,539,421,586,0 5,269,42,317,1 38,254,68,298,1 52,258,87,301,1 530,312,564,361,1
map_round1-2vsACEND_fracture_mp4-74_jpg.rf.698d430666cb14f734c94875c324ba15.jpg 546,376,589,422,1 515,324,558,379,0 579,356,615,399,0 598,349,634,385,0
map_round1-2vsACEND_fracture_mp4-16_jpg.rf.56b29e66dafd680d114f4929077ed6e9.jpg 56,262,91,297,1 538,437,571,472,1 515,456,546,489,1 497,487,528,517,1 399,500,436,535,0 426,490,458,521,0 481,451,515,488,0 386,56,428,89,0
map_round1-2vsACEND_fracture_mp4-56_jpg.rf.63fa7b6c00205d63baa37b7392c352d5.jpg 512,457,556,497,0 556,262,589,304,0 582,326,622,367,0 342,531,380,573,1
map_round1-2vsACEND_fracture_mp4-142_jpg.rf.52c2a76cc0b7832765de1a30e2dc5981.jpg 433,296,466,328,0 575,315,619,348,1 435,395,482,433,1 447,490,483,520,1 517,471,553,508,1
map_round1-2vsACEND_fracture_mp4-80_jpg.rf.698b0d07b13849058f0d894cf5a711e1.jpg 309,106,346,145,0 369,559,405,598,0 171,520,204,565,0 181,494,216,539,0 223,504,260,546,0 4,272,44,312,1 43,255,74,298,1 55,258,88,298,1 87,292,121,333,1 494,487,537,525,1
map_round1-2vsACEND_fracture_mp4-45_jpg.rf.67da984e9a6e85aded91b2f6cb171875.jpg 49,314,92,357,1 559,284,599,322,0 574,333,622,369,0 560,352,597,397,0
map_round1-2vsACEND_fracture_mp4-75_jpg.rf.6eaf9ae6da1d1f29674a17b4612d2f32.jpg 555,369,594,421,1 583,355,615,395,0 598,343,633,382,0 513,327,554,375,0
map_round1-2vsACEND_fracture_mp4-101_jpg.rf.5d8083c6a46d24dff90c081ca1b9949c.jpg 437,291,479,334,1 4,272,44,312,1 38,262,70,302,1 51,256,84,301,1 177,209,222,246,0 56,406,98,449,0 63,400,98,439,0 421,510,461,553,0
map_round1-2vsACEND_fracture_mp4-94_jpg.rf.6dec9fbe52262dbf61342ba6e5f77892.jpg 512,314,551,363,1 5,274,43,307,1 44,261,75,304,1 51,259,95,296,1 204,134,246,180,0 401,539,434,581,0 50,401,86,439,0 92,392,124,436,0 66,419,100,457,0
map_round1-2vsACEND_fracture_mp4-51_jpg.rf.5a0264bcdf21c808d7df4f1c3bddb77a.jpg 175,493,220,538,1 548,455,591,497,0 551,266,587,308,0 582,311,622,354,0
map_round1-2vsACEND_fracture_mp4-119_jpg.rf.73387c11bb4fe2ad5b58397dfc78e6d0.jpg 407,506,445,550,0 333,528,368,567,0 353,535,397,575,0 115,204,155,241,0 68,224,109,269,1 131,351,164,390,1 89,420,125,454,1 452,300,499,337,1
map_round1-2vsACEND_fracture_mp4-56_jpg.rf.77a9182566895a0479222649ce007471.jpg 512,457,556,497,0 556,262,589,304,0 582,326,622,367,0 342,531,380,573,1
map_round1-2vsACEND_fracture_mp4-117_jpg.rf.5bc66d35893556653463711a6814c1d5.jpg 437,292,483,336,1 105,345,147,393,1 72,241,107,276,1 90,389,123,426,1 303,518,340,551,0 115,202,155,245,0 323,524,359,566,0 406,536,440,578,0
map_round1-2vsACEND_fracture_mp4-54_jpg.rf.702975f7fd1ede4ddb2532fe9fcd7d8e.jpg 550,263,590,308,0 581,311,617,355,0 531,443,565,481,0 247,510,289,552,1
map_round1-2vsACEND_fracture_mp4-71_jpg.rf.71bd9a19815178365ba556b218675306.jpg 526,400,570,451,1 579,358,617,404,0 598,333,628,375,0 513,331,553,377,0
map_round1-2vsACEND_fracture_mp4-9_jpg.rf.61be315ef67f73457619635160d39fb8.jpg 319,107,351,139,0 252,509,289,540,0 400,534,435,569,0 439,547,476,582,0 404,531,434,562,0 54,264,86,294,1 548,368,579,403,1 543,393,576,430,1 473,486,513,522,1 502,474,545,512,1
map_round1-2vsACEND_fracture_mp4-150_jpg.rf.7e1163186af1a962f8b8ed3d65900dba.jpg 465,300,503,342,0 542,402,575,449,1 533,476,576,522,1
map_round1-2vsACEND_fracture_mp4-121_jpg.rf.653d27ef16fbd260b074b96d8ce6078f.jpg 433,469,472,512,0 112,203,159,244,0 403,521,442,560,0 401,534,437,573,0 107,467,149,505,1 36,267,68,301,1 199,356,240,393,1 480,299,517,341,1
map_round1-2vsACEND_fracture_mp4-81_jpg.rf.7d1de5901113aadec3e0b9c4171813ed.jpg 494,486,544,524,1 6,272,47,308,1 63,296,99,336,1 43,259,76,299,1 57,257,86,296,1 295,96,331,131,0 158,509,193,555,0 170,489,200,528,0 207,503,239,549,0 370,547,410,584,0
map_round1-2vsACEND_fracture_mp4-85_jpg.rf.6b57bb5d1b1bc58137411ed7e7c4086b.jpg 271,65,310,103,0 404,511,444,561,0 117,447,152,482,0 119,485,155,523,0 147,469,188,513,0 8,273,44,308,1 55,256,86,297,1 42,262,74,292,1 26,266,60,306,1 530,414,565,461,1
map_round1-2vsACEND_fracture_mp4-139_jpg.rf.746201745a512083a8e9c78907bc209c.jpg 427,392,468,425,1 574,281,617,313,1 421,490,459,516,1 399,515,436,547,1 395,259,437,294,0
map_round1-2vsACEND_fracture_mp4-5_jpg.rf.79e02e11f3fd8d0f120739293b0225c5.jpg 51,335,86,363,1 476,353,511,388,1 518,289,551,325,1 531,451,566,483,1 549,433,585,465,1 240,528,273,560,0 401,519,436,553,0 319,107,350,139,0 406,549,440,582,0 420,540,451,574,0
map_round1-2vsACEND_fracture_mp4-95_jpg.rf.7926e99f0b04ec3ecdbc1af12383938b.jpg 210,134,248,178,0 89,395,126,435,0 52,402,87,436,0 61,410,102,448,0 413,538,452,580,0 494,322,537,365,1 5,272,44,310,1 34,256,74,300,1 51,261,87,307,1
map_round1-2vsACEND_fracture_mp4-132_jpg.rf.7ea2c71c2c51e651184d80e399907361.jpg 233,258,275,291,0 284,510,321,547,1 380,537,420,573,1 436,385,471,427,1 569,298,602,335,1
map_round1-2vsACEND_fracture_mp4-79_jpg.rf.7ea703e67269ba687b7da0d0d0e752e1.jpg 5,272,46,312,1 42,258,75,303,1 54,258,89,300,1 120,297,152,338,1 497,485,536,522,1 176,530,218,576,0 194,510,231,551,0 219,505,260,553,0 395,554,436,604,0 312,104,349,149,0
map_round1-2vsACEND_fracture_mp4-87_jpg.rf.73c57dad8a46cac39a33fc5881401040.jpg 223,90,262,135,0 395,540,424,580,0 93,414,126,453,0 87,471,122,504,0 100,445,141,485,0 6,272,43,311,1 36,261,66,296,1 52,255,86,296,1 550,368,582,408,1
map_round1-2vsACEND_fracture_mp4-73_jpg.rf.7987a00f8ca9fb5ee3e1f9bb5cf7e7d7.jpg 528,390,570,431,1 570,363,622,402,0 588,344,634,388,0 512,327,560,377,0
map_round1-2vsACEND_fracture_mp4-24_jpg.rf.86d6f9f482c0e0cfe8b4e0d94317b675.jpg 519,222,551,266,0 398,499,442,538,0 48,262,82,294,1 545,423,579,467,1
map_round1-2vsACEND_fracture_mp4-141_jpg.rf.80c53762bd50384adca83ddc747acbe2.jpg 409,489,445,526,1 465,485,502,518,1 442,401,485,432,1 584,315,621,344,1 425,274,466,312,0
map_round1-2vsACEND_fracture_mp4-126_jpg.rf.7aa13c73a0971d625a5db2aecf7b169d.jpg 120,247,158,287,0 529,422,563,466,0 517,467,558,501,0 498,474,541,516,0 168,509,216,545,1 84,398,116,442,1 351,281,394,320,1 517,280,552,321,1
map_round1-2vsACEND_fracture_mp4-87_jpg.rf.909f94f4b75a4dd5a01c6dd343d83c6f.jpg 223,90,262,135,0 395,540,424,580,0 93,414,126,453,0 87,471,122,504,0 100,445,141,485,0 6,272,43,311,1 36,261,66,296,1 52,255,86,296,1 550,368,582,408,1
map_round1-2vsACEND_fracture_mp4-150_jpg.rf.764da5499a35dbb2a03980f17d5dee04.jpg 465,300,503,342,0 542,402,576,449,1 533,476,576,522,1
map_round1-2vsACEND_fracture_mp4-80_jpg.rf.87af008a6f2e8a21421dbba77687c660.jpg 309,106,346,145,0 369,559,405,598,0 171,520,204,565,0 181,494,216,539,0 223,504,260,546,0 4,272,44,312,1 43,255,74,298,1 55,258,88,298,1 87,292,121,333,1 494,487,537,525,1
map_round1-2vsACEND_fracture_mp4-33_jpg.rf.79f6b30689d8520074483a760285ac3e.jpg 490,255,525,300,0 460,486,489,529,0 469,487,511,535,0 592,300,626,342,1 67,257,98,297,1
map_round1-2vsACEND_fracture_mp4-75_jpg.rf.88178a244e334c30ff32fc92549e857d.jpg 555,369,594,421,1 583,355,615,395,0 598,343,633,382,0 513,327,554,375,0
map_round1-2vsACEND_fracture_mp4-125_jpg.rf.8867fab32b0c01b7d54e30090029ca65.jpg 316,277,360,311,1 74,371,116,407,1 148,493,191,526,1 515,279,549,318,1 118,234,150,266,0 465,479,497,514,0 491,480,527,519,0 532,454,567,488,0
map_round1-2vsACEND_fracture_mp4-147_jpg.rf.83b2f3992d862fb3cbbf2e6275d84677.jpg 389,381,431,424,1 524,481,568,533,1 558,374,594,419,1 462,325,505,367,0
map_round1-2vsACEND_fracture_mp4-65_jpg.rf.937544f0d609848bd8521c7725b88a56.jpg 465,487,508,526,1 538,387,574,435,0 578,262,615,305,0 579,331,623,369,0
map_round1-2vsACEND_fracture_mp4-97_jpg.rf.8e3fe840a9c8dcb2595b87864b79cb6d.jpg 46,399,90,445,0 76,403,124,444,0 410,513,446,556,0 218,172,256,213,0 5,272,47,311,1 37,260,79,298,1 49,259,87,292,1 469,320,508,357,1
map_round1-2vsACEND_fracture_mp4-152_jpg.rf.85c61c2e1e05a91a94b7a73ba034ffb2.jpg 499,298,531,335,0 541,438,570,483,1 532,475,579,519,1
map_round1-2vsACEND_fracture_mp4-74_jpg.rf.8c79dfc9956c130c8b0b39ae11d93943.jpg 546,376,589,422,1 515,324,558,378,0 579,356,615,399,0 598,349,634,385,0
map_round1-2vsACEND_fracture_mp4-92_jpg.rf.95905c235e1774beb84dbf1e3bb4d143.jpg 195,128,237,175,0 56,409,88,448,0 89,393,122,437,0 69,422,113,468,0 388,539,421,586,0 5,269,42,317,1 38,254,68,298,1 52,258,87,301,1 530,312,564,361,1
map_round1-2vsACEND_fracture_mp4-139_jpg.rf.873cddadcb3896cc1728fbf80c37985c.jpg 427,392,468,425,1 574,281,617,313,1 421,490,459,516,1 399,515,436,547,1 395,259,437,294,0
map_round1-2vsACEND_fracture_mp4-34_jpg.rf.939704b1c981d9540f2b365790d79834.jpg 48,262,87,302,1 594,281,629,325,1 495,252,529,301,0 494,479,528,517,0 477,483,516,531,0
map_round1-2vsACEND_fracture_mp4-90_jpg.rf.90eb0694003dfcdcfd4dad96e6e02929.jpg 392,542,426,588,0 73,444,106,484,0 95,390,124,432,0 84,421,117,457,0 204,101,241,143,0 555,334,590,381,1 5,267,43,313,1 36,257,68,296,1 55,258,83,305,1
map_round1-2vsACEND_fracture_mp4-132_jpg.rf.9846b7aeaa993a96682f3a96a1a4f446.jpg 233,258,275,291,0 284,510,321,547,1 380,537,421,573,1 435,385,471,427,1 569,298,602,335,1
map_round1-2vsACEND_fracture_mp4-77_jpg.rf.96308272ea65f8bc6c2f1dc101d5676f.jpg 146,296,189,338,1 7,270,42,315,1 49,262,89,303,1 517,466,557,505,1 393,575,427,615,0 184,525,228,572,0 225,505,263,547,0 307,112,354,146,0 208,518,244,554,0
map_round1-2vsACEND_fracture_mp4-109_jpg.rf.8e492b48526eaeea4a6e1969ff09553b.jpg 88,421,121,464,0 95,429,141,471,0 46,336,86,387,0 199,503,241,548,0 90,202,133,250,0 7,272,38,312,1 41,259,74,299,1 26,279,61,318,1 375,280,417,326,1
map_round1-2vsACEND_fracture_mp4-116_jpg.rf.9bbe235e8869c6a2141b0d6c6a25dbc5.jpg 370,560,413,597,0 247,511,300,549,0 233,503,269,550,0 113,203,157,239,0 63,245,105,290,1 52,328,81,364,1 80,338,109,377,1 430,289,465,328,1
map_round1-2vsACEND_fracture_mp4-129_jpg.rf.9d0f131e2776f0c606547683e6876daf.jpg 148,262,178,302,0 545,408,578,453,0 373,370,412,407,1 512,279,554,323,1 254,517,298,554,1 156,477,193,514,1
map_round1-2vsACEND_fracture_mp4-104_jpg.rf.a4b07b9d158443896a22c31fb309577a.jpg 4,271,38,309,1 33,272,66,310,1 51,257,81,299,1 63,319,109,364,0 73,371,108,420,0 352,537,388,574,0 148,232,192,267,0 446,300,485,336,1
map_round1-2vsACEND_fracture_mp4-48_jpg.rf.947d7f15cad5222e3157b561a2ddafc1.jpg 587,267,624,313,0 571,315,617,352,0 544,399,580,447,0 81,405,123,447,1
map_round1-2vsACEND_fracture_mp4-102_jpg.rf.965e7260c1f7dd2f40990af0b1ea26b9.jpg 81,321,128,364,0 157,211,191,259,0 57,379,107,420,0 382,542,427,578,0 447,294,488,342,1 5,273,49,309,1 44,258,71,301,1 53,258,87,294,1
map_round1-2vsACEND_fracture_mp4-130_jpg.rf.91f442226e2bf067b72677755a40ba0a.jpg 517,284,556,332,1 392,395,435,436,1 320,528,362,566,1 218,510,261,547,1 172,289,218,332,0
map_round1-2vsACEND_fracture_mp4-15_jpg.rf.985e7f6a72e0d90f21c67fb92ddb6b6c.jpg 488,505,517,537,1 514,460,551,495,1 527,437,561,472,1 373,62,405,96,0 470,455,502,491,0 426,493,459,528,0 403,503,434,537,0 62,257,97,298,1
map_round1-2vsACEND_fracture_mp4-94_jpg.rf.93e4eb3067d9ef996dc786144ed70eef.jpg 512,314,551,363,1 5,274,43,307,1 44,261,75,304,1 51,259,95,296,1 204,134,246,180,0 401,539,434,581,0 50,401,86,439,0 92,392,124,436,0 67,419,100,457,0
map_round1-2vsACEND_fracture_mp4-10_jpg.rf.984ed0a4334da7126fe91a400a217883.jpg 62,261,96,299,1 468,476,507,514,1 491,467,525,500,1 538,408,571,448,1 546,392,577,429,1 268,504,305,540,0 441,544,476,583,0 321,109,355,146,0 407,516,437,553,0 398,517,433,552,0
map_round1-2vsACEND_fracture_mp4-116_jpg.rf.a0a40aba8247cca1aba42077874c6aef.jpg 370,560,413,597,0 247,511,300,549,0 233,503,269,550,0 113,203,157,239,0 63,245,105,290,1 52,328,81,364,1 80,338,108,377,1 431,289,465,328,1
map_round1-2vsACEND_fracture_mp4-9_jpg.rf.890c530def0d9358dc9bb2f38f423223.jpg 319,107,351,139,0 252,509,289,540,0 400,534,435,569,0 439,547,476,582,0 404,531,434,562,0 54,264,86,294,1 548,368,579,403,1 543,393,576,430,1 473,486,513,522,1 502,474,545,512,1
map_round1-2vsACEND_fracture_mp4-81_jpg.rf.991241d8d95929bee139261eb1686b5e.jpg 494,486,544,524,1 6,272,47,308,1 63,296,99,336,1 43,259,76,299,1 57,257,86,296,1 295,96,331,131,0 158,509,192,555,0 170,489,200,528,0 207,503,239,549,0 370,547,410,584,0
map_round1-2vsACEND_fracture_mp4-75_jpg.rf.a117e337ef95a772c02d6cb12d470922.jpg 555,369,594,421,1 584,355,615,395,0 598,343,633,381,0 513,327,554,375,0
map_round1-2vsACEND_fracture_mp4-126_jpg.rf.a4732886583f74921d7c788215312f40.jpg 120,247,158,287,0 529,422,563,466,0 517,467,558,501,0 498,474,541,516,0 168,509,216,545,1 84,398,116,442,1 351,281,394,320,1 517,280,552,321,1
map_round1-2vsACEND_fracture_mp4-13_jpg.rf.a6e07899938c5dc2e5447b3db7e818cc.jpg 59,262,91,294,1 526,435,560,472,1 537,449,568,478,1 483,496,521,539,1 301,97,334,131,0 342,530,374,561,0 417,513,452,553,0 399,494,433,532,0
map_round1-2vsACEND_fracture_mp4-92_jpg.rf.a68ea5e5172e0850a881a8c64465bbda.jpg 195,128,236,175,0 56,409,88,448,0 89,393,122,437,0 69,422,113,468,0 388,539,421,586,0 5,269,42,317,1 38,254,68,298,1 51,258,87,301,1 530,311,564,361,1
map_round1-2vsACEND_fracture_mp4-39_jpg.rf.ac64a45ece96bbb966975a6342fe61e9.jpg 503,262,536,304,0 512,466,555,508,0 541,419,581,465,0 48,259,87,299,1 581,303,622,347,1
map_round1-2vsACEND_fracture_mp4-54_jpg.rf.a44651c9ba03889ccd1385419030be09.jpg 550,263,590,308,0 581,311,617,355,0 531,443,565,481,0 247,510,289,552,1
map_round1-2vsACEND_fracture_mp4-43_jpg.rf.9dafa8af5ee897c939e62ac4d057c5ae.jpg 522,304,555,338,0 561,368,594,408,0 536,389,573,432,0 36,271,81,310,1
map_round1-2vsACEND_fracture_mp4-106_jpg.rf.a8e540a16fb7e1dc974b27757d94079f.jpg 284,512,327,548,0 62,323,98,367,0 115,224,159,261,0 76,367,118,414,0 432,283,464,317,1 9,275,44,307,1 27,262,58,298,1 55,260,89,299,1
map_round1-2vsACEND_fracture_mp4-119_jpg.rf.78171dff308c1b64dae1881719bd0413.jpg 407,506,445,550,0 333,528,368,567,0 353,535,397,575,0 115,204,155,241,0 68,224,109,269,1 131,351,164,390,1 89,420,125,454,1 452,300,499,337,1
map_round1-2vsACEND_fracture_mp4-141_jpg.rf.a701e15041c3032e3f3380b9f08c19ef.jpg 409,489,445,526,1 465,485,502,518,1 442,401,485,433,1 584,314,621,344,1 424,274,466,312,0
map_round1-2vsACEND_fracture_mp4-39_jpg.rf.aa36230cb3577df0cdf241b7873af151.jpg 503,262,536,304,0 512,466,555,508,0 541,419,581,465,0 48,259,87,299,1 581,303,622,347,1
map_round1-2vsACEND_fracture_mp4-48_jpg.rf.a9bee3f5eecce58ef893b03c8433ed13.jpg 587,267,624,313,0 571,315,617,352,0 544,399,580,447,0 81,405,123,447,1
map_round1-2vsACEND_fracture_mp4-129_jpg.rf.a8297557bc75c32504f57e0a3b59e277.jpg 148,262,178,302,0 545,408,578,453,0 373,370,412,407,1 512,279,554,323,1 254,517,298,554,1 156,477,193,514,1
map_round1-2vsACEND_fracture_mp4-102_jpg.rf.b1ffc21743462319c4f7605f7f85aa0c.jpg 81,321,128,364,0 157,211,191,259,0 57,379,107,420,0 382,542,427,577,0 447,294,488,342,1 5,273,49,309,1 44,259,71,301,1 53,258,87,294,1
map_round1-2vsACEND_fracture_mp4-106_jpg.rf.731dac194647dfec276eec7189929bc3.jpg 284,512,328,548,0 62,323,98,368,0 115,224,159,261,0 76,366,118,414,0 431,283,464,317,1 8,275,44,307,1 27,262,58,298,1 55,260,89,299,1
map_round1-2vsACEND_fracture_mp4-15_jpg.rf.b1f4ece1cc293b53098a380e825720b0.jpg 487,505,517,537,1 514,460,551,495,1 527,437,561,472,1 373,62,405,96,0 470,455,502,491,0 426,493,459,528,0 403,503,434,536,0 62,257,97,298,1
map_round1-2vsACEND_fracture_mp4-25_jpg.rf.a9ee7ab06e96582c0102a00de5489b7d.jpg 541,400,574,443,1 63,262,96,296,1 529,235,562,274,0 410,498,449,532,0 399,510,436,543,0
map_round1-2vsACEND_fracture_mp4-106_jpg.rf.afabb5cffc431f3a395aad8216c702cc.jpg 284,512,328,548,0 62,323,98,368,0 115,224,159,261,0 76,366,118,414,0 431,283,464,317,1 8,275,44,307,1 27,262,58,298,1 55,260,89,299,1
map_round1-2vsACEND_fracture_mp4-24_jpg.rf.a9aca8e5704fec99b2c00c0ed07e5a90.jpg 519,222,551,266,0 398,499,442,538,0 48,262,82,294,1 544,423,579,467,1
map_round1-2vsACEND_fracture_mp4-73_jpg.rf.a6e5a8b1573aef050622cdfa35a11dcf.jpg 528,390,570,431,1 570,363,622,402,0 588,344,634,388,0 512,327,560,377,0
map_round1-2vsACEND_fracture_mp4-33_jpg.rf.ac6e6c091ae141de730768941ce76e32.jpg 490,255,526,300,0 460,486,489,529,0 469,488,511,535,0 591,300,626,342,1 66,257,98,297,1
map_round1-2vsACEND_fracture_mp4-102_jpg.rf.aaab9867fa3f0416ac8eb3d94c655dcf.jpg 81,321,128,364,0 157,211,191,259,0 57,379,107,420,0 382,542,427,578,0 447,294,488,342,1 5,273,49,309,1 44,258,71,301,1 53,258,87,294,1
map_round1-2vsACEND_fracture_mp4-87_jpg.rf.b5d861a81bd224fe98dc8808b2475bf8.jpg 223,90,262,135,0 395,540,424,580,0 93,414,126,453,0 87,471,122,504,0 100,445,141,485,0 6,272,43,310,1 36,261,66,296,1 52,255,86,296,1 550,368,582,408,1
map_round1-2vsACEND_fracture_mp4-36_jpg.rf.b2cb71d082048362852eceff818a1865.jpg 493,262,529,304,0 526,444,561,490,0 517,485,555,525,0 53,258,85,300,1 583,272,622,311,1
map_round1-2vsACEND_fracture_mp4-16_jpg.rf.b10f7bc50c9259147f2f053f16a8a1d5.jpg 56,261,91,297,1 538,437,571,472,1 515,456,547,489,1 497,487,528,517,1 399,500,436,535,0 426,490,458,521,0 481,451,515,488,0 386,56,428,89,0
map_round1-2vsACEND_fracture_mp4-116_jpg.rf.b6b9a0b08a8ff49bc4d438b70c5baee4.jpg 370,560,413,597,0 247,511,300,549,0 233,503,269,550,0 113,203,157,239,0 63,245,105,290,1 52,328,81,364,1 80,338,109,377,1 430,289,465,328,1
map_round1-2vsACEND_fracture_mp4-117_jpg.rf.ac9777a88ca9a45c3ccbcbd665e81ee3.jpg 437,292,483,336,1 105,345,147,393,1 72,241,107,276,1 90,389,123,426,1 303,518,340,551,0 115,202,155,245,0 323,524,359,566,0 406,536,440,578,0
map_round1-2vsACEND_fracture_mp4-120_jpg.rf.b73219ba8f01329c260a63a11c40090f.jpg 464,301,503,342,1 166,364,204,397,1 91,447,127,481,1 64,262,103,296,1 118,205,154,242,0 365,535,400,575,0 387,537,427,576,0 425,495,468,531,0
map_round1-2vsACEND_fracture_mp4-28_jpg.rf.ad5e3bbe95af04a549dc8a2b147e3317.jpg 505,253,540,295,0 396,517,431,558,0 412,527,452,571,0 56,263,94,300,1 574,364,613,397,1
map_round1-2vsACEND_fracture_mp4-111_jpg.rf.bb26b4b9fbfd650383c6b12b77450edb.jpg 278,508,321,547,0 113,474,152,511,0 105,453,148,491,0 89,228,134,260,0 25,263,59,302,1 13,305,57,349,1 25,332,66,380,1 375,304,412,346,1
map_round1-2vsACEND_fracture_mp4-104_jpg.rf.ada67a947b1b215a5c9ae5baf7d04123.jpg 4,271,38,309,1 33,272,66,310,1 51,257,81,299,1 63,319,109,364,0 73,371,108,420,0 352,537,388,574,0 148,232,192,267,0 446,300,485,336,1
map_round1-2vsACEND_fracture_mp4-13_jpg.rf.b97e69815ec6d494f8c4a963ec4549ca.jpg 59,262,91,294,1 526,435,560,472,1 537,449,568,479,1 483,496,522,539,1 301,97,334,131,0 342,530,375,561,0 417,513,452,553,0 399,494,433,532,0
map_round1-2vsACEND_fracture_mp4-85_jpg.rf.b5ffe66f67bc59ff65cab669fb969428.jpg 271,65,310,103,0 404,511,444,561,0 117,447,152,482,0 119,485,155,523,0 146,469,188,514,0 9,273,44,307,1 55,256,86,297,1 42,262,74,292,1 26,266,60,306,1 530,414,565,461,1
map_round1-2vsACEND_fracture_mp4-81_jpg.rf.b7902265dc53df795748859b53fd5544.jpg 494,486,544,524,1 6,272,47,308,1 63,296,99,336,1 43,259,76,299,1 57,257,86,296,1 295,96,331,131,0 158,509,193,555,0 170,489,200,528,0 207,503,239,549,0 370,547,410,584,0
map_round1-2vsACEND_fracture_mp4-91_jpg.rf.b93883bde218361a1c8e5af0068700e7.jpg 550,322,582,368,1 6,269,45,313,1 42,257,70,301,1 54,260,86,300,1 391,538,424,585,0 205,120,238,165,0 92,396,128,435,0 65,429,107,465,0 81,412,123,452,0
map_round1-2vsACEND_fracture_mp4-61_jpg.rf.bbc763870f7002de6a5aaa2b5f9403c9.jpg 515,456,555,501,0 553,264,585,303,0 583,319,627,365,0 388,489,441,531,1
map_round1-2vsACEND_fracture_mp4-21_jpg.rf.c270e1f832bb2b7b5662703cc6a89777.jpg 484,181,519,219,0 397,514,441,561,0 66,258,98,296,1 550,465,586,503,1
map_round1-2vsACEND_fracture_mp4-40_jpg.rf.bbf383bdc3f32d83f677b887e8466396.jpg 44,256,84,300,1 588,323,629,360,1 511,265,546,306,0 551,405,592,454,0 524,458,564,496,0
map_round1-2vsACEND_fracture_mp4-109_jpg.rf.ced5e9dfeb8fee061564e8438876a471.jpg 88,421,121,464,0 95,429,141,470,0 45,336,86,387,0 199,503,241,548,0 90,202,133,250,0 7,272,38,312,1 41,259,74,299,1 26,279,61,318,1 375,280,417,326,1
map_round1-2vsACEND_fracture_mp4-25_jpg.rf.c9b4d6c45e952cd30756d1f686e658b4.jpg 541,400,574,443,1 63,262,96,296,1 529,235,562,274,0 410,498,449,532,0 399,510,436,543,0
map_round1-2vsACEND_fracture_mp4-43_jpg.rf.be55d8de61d5d697ed25457b0eb2b0fa.jpg 522,304,555,338,0 561,368,594,408,0 536,389,573,432,0 36,271,81,310,1
map_round1-2vsACEND_fracture_mp4-36_jpg.rf.bf204c25b9c8293ecd0df29a2074ca23.jpg 493,262,529,304,0 525,444,561,490,0 517,485,555,525,0 52,258,85,300,1 583,272,622,311,1
map_round1-2vsACEND_fracture_mp4-79_jpg.rf.c771ac77a0e67e67f6c9b9d969fb5416.jpg 5,272,46,312,1 42,258,75,303,1 54,258,89,300,1 120,297,152,338,1 497,485,536,522,1 176,530,218,576,0 194,510,231,551,0 219,505,260,553,0 395,554,436,604,0 312,104,349,149,0
map_round1-2vsACEND_fracture_mp4-119_jpg.rf.c8f17048ad40575bd458e4ca1cfe53a5.jpg 407,506,445,550,0 333,528,368,567,0 353,535,397,575,0 115,204,155,241,0 68,224,109,269,1 131,351,164,390,1 89,420,125,454,1 452,300,499,337,1
map_round1-2vsACEND_fracture_mp4-71_jpg.rf.cc309d001e8e89221dd14cd431380e8d.jpg 526,400,570,451,1 579,358,617,404,0 598,333,628,375,0 513,331,553,377,0
map_round1-2vsACEND_fracture_mp4-127_jpg.rf.cddd2ca31162f122f312d22a4440882f.jpg 124,447,162,498,1 223,519,270,556,1 369,336,407,374,1 516,276,550,315,1 550,429,588,468,0 537,433,575,476,0 127,253,169,290,0
map_round1-2vsACEND_fracture_mp4-147_jpg.rf.c37ccb1c2c0ff9665a3de02d04a898bd.jpg 389,381,431,424,1 524,481,568,533,1 559,374,594,418,1 462,325,505,367,0
map_round1-2vsACEND_fracture_mp4-146_jpg.rf.bcd42b70e576b333dd79dad1dd3b7040.jpg 404,384,439,435,1 521,460,558,507,1 550,396,585,444,1 427,300,475,341,0
map_round1-2vsACEND_fracture_mp4-117_jpg.rf.ccaae8c02e6f69ef81255faa4d5d46f6.jpg 438,292,483,336,1 105,345,147,393,1 72,241,107,276,1 91,389,123,426,1 303,518,340,551,0 115,202,155,245,0 323,524,359,566,0 406,536,440,578,0
map_round1-2vsACEND_fracture_mp4-66_jpg.rf.c49e986fae33f890e92094d967342416.jpg 581,267,621,306,0 588,356,632,395,0 522,326,564,379,0 504,454,548,504,1
map_round1-2vsACEND_fracture_mp4-120_jpg.rf.d8993b8cd85178df8ca01a631bf32464.jpg 464,301,503,342,1 166,364,204,397,1 91,447,127,481,1 64,262,103,296,1 118,205,154,242,0 365,535,400,575,0 387,537,427,576,0 425,495,468,531,0
map_round1-2vsACEND_fracture_mp4-147_jpg.rf.c3e97a24b7fc342b7f8f47b51050d14f.jpg 389,381,431,424,1 524,481,568,533,1 558,374,594,419,1 462,325,505,367,0
map_round1-2vsACEND_fracture_mp4-60_jpg.rf.c1ba6be3ae0c0d19bf46c93e8fcb160c.jpg 392,516,437,565,1 529,443,570,492,0 551,267,588,309,0 589,314,631,357,0
map_round1-2vsACEND_fracture_mp4-95_jpg.rf.c0de8d86b4e09d75d89ca6fbc83b557d.jpg 210,134,248,178,0 89,395,126,435,0 51,402,87,436,0 61,410,102,448,0 413,538,452,580,0 494,322,537,365,1 5,272,44,311,1 34,256,75,300,1 52,261,87,307,1
map_round1-2vsACEND_fracture_mp4-16_jpg.rf.d11a79d42e0751be91347b5fa4dd53e1.jpg 56,262,91,297,1 538,437,571,472,1 515,456,546,489,1 497,487,528,517,1 399,500,436,535,0 426,490,458,521,0 481,451,515,488,0 386,56,428,89,0
map_round1-2vsACEND_fracture_mp4-66_jpg.rf.d34ffec665f5820dca50a7501872c929.jpg 581,267,621,305,0 588,356,632,395,0 522,326,564,379,0 504,454,548,504,1
map_round1-2vsACEND_fracture_mp4-85_jpg.rf.d4815ba98d7c163f4be2ec0f2dca5967.jpg 271,65,310,103,0 404,511,444,561,0 117,447,152,482,0 119,485,155,523,0 147,469,188,513,0 8,273,44,308,1 55,256,86,297,1 42,262,74,292,1 26,266,60,306,1 530,414,565,461,1
map_round1-2vsACEND_fracture_mp4-130_jpg.rf.cc77a5dacbf502061831791154627b9b.jpg 517,284,556,331,1 392,395,435,436,1 321,528,362,566,1 218,510,261,547,1 172,289,218,332,0
map_round1-2vsACEND_fracture_mp4-71_jpg.rf.c934079847509f7e2e8b5f8349bf9e1d.jpg 526,400,570,451,1 579,358,617,404,0 598,333,628,375,0 513,331,553,377,0
map_round1-2vsACEND_fracture_mp4-77_jpg.rf.d5faf27bb3e4cb56f909000336640d80.jpg 146,296,189,338,1 7,270,42,315,1 49,262,89,303,1 517,466,557,505,1 393,575,427,615,0 184,525,228,572,0 225,505,263,547,0 307,112,354,146,0 208,518,244,554,0
map_round1-2vsACEND_fracture_mp4-101_jpg.rf.d4b1b24eb7dfc76d5412471bcc0ad974.jpg 437,291,479,334,1 4,272,44,312,1 38,262,70,302,1 51,256,84,301,1 177,209,222,246,0 56,406,98,449,0 63,400,98,439,0 421,510,461,553,0
map_round1-2vsACEND_fracture_mp4-91_jpg.rf.d7be51ca3079563ad48491f36c847955.jpg 550,322,582,368,1 6,269,45,313,1 42,257,69,301,1 54,260,86,300,1 391,538,424,585,0 205,120,238,165,0 92,396,128,435,0 65,429,107,465,0 81,412,123,452,0
map_round1-2vsACEND_fracture_mp4-30_jpg.rf.de57f18ae6f54ecd1b27df616171d0cc.jpg 507,268,537,308,0 407,492,437,538,0 418,496,458,535,0 44,259,85,294,1 588,339,625,378,1
map_round1-2vsACEND_fracture_mp4-115_jpg.rf.daa2953fe3b93016885fe3ea4238def2.jpg 415,276,458,320,1 62,260,96,303,1 56,329,98,365,1 46,348,80,386,1 109,196,156,236,0 200,495,233,539,0 213,509,258,549,0 343,558,392,598,0
map_round1-2vsACEND_fracture_mp4-60_jpg.rf.e5934ffd83aa09084c484216f8a17735.jpg 392,516,437,565,1 529,443,570,492,0 551,267,588,309,0 589,314,631,357,0
map_round1-2vsACEND_fracture_mp4-136_jpg.rf.da935320b8c01d208942ee14efbe9e96.jpg 373,551,409,593,1 399,507,432,539,1 439,369,471,404,1 588,290,619,320,1 326,246,372,295,0
map_round1-2vsACEND_fracture_mp4-43_jpg.rf.d9e06017d07d6f658d4f680271ce117a.jpg 522,304,555,338,0 561,368,594,408,0 536,389,573,432,0 36,271,81,310,1
map_round1-2vsACEND_fracture_mp4-149_jpg.rf.dcc3f6b2eec7bb58554dc0f99d93a4bc.jpg 463,320,506,358,0 548,377,587,425,1 536,476,570,522,1
map_round1-2vsACEND_fracture_mp4-18_jpg.rf.e0bc65f3f8ddd073d6d7c29586719212.jpg 46,261,80,298,1 528,439,565,474,1 489,467,530,504,1 416,66,454,110,0 423,494,455,527,0 402,502,440,537,0
map_round1-2vsACEND_fracture_mp4-74_jpg.rf.e0b1cf2809cf12a5cbd88e0b1121a276.jpg 546,376,589,422,1 515,324,558,379,0 579,356,615,399,0 598,349,634,385,0
map_round1-2vsACEND_fracture_mp4-19_jpg.rf.dcb1ca45b3971ac267a0e6eb795a0e33.jpg 51,262,84,295,1 535,435,571,477,1 444,95,476,131,0 398,509,433,541,0 413,503,452,537,0
map_round1-2vsACEND_fracture_mp4-30_jpg.rf.dc4e22b68fd55e4fbe6768b8d93990cd.jpg 508,268,537,308,0 407,492,437,538,0 418,496,458,535,0 44,259,85,294,1 588,339,625,378,1
map_round1-2vsACEND_fracture_mp4-123_jpg.rf.e775c2215e76af1db8994ef10d7c97b3.jpg 507,466,542,504,0 470,485,503,526,0 431,488,472,526,0 111,214,146,253,0 67,336,105,377,1 127,476,167,512,1 284,291,327,334,1 508,276,545,318,1
map_round1-2vsACEND_fracture_mp4-80_jpg.rf.e30108fd367a6fa0eac79fbf2cce2c17.jpg 309,106,346,145,0 369,559,405,598,0 171,520,204,565,0 181,495,216,539,0 223,504,260,546,0 4,272,44,312,1 43,255,74,298,1 55,258,88,298,1 87,292,121,334,1 494,487,537,525,1
map_round1-2vsACEND_fracture_mp4-15_jpg.rf.df4c4a4295360167c91032702e3c5f5c.jpg 488,505,517,537,1 514,460,551,495,1 527,437,561,472,1 373,62,405,96,0 470,455,502,491,0 426,493,459,528,0 403,503,434,537,0 62,257,97,298,1
map_round1-2vsACEND_fracture_mp4-77_jpg.rf.d4918a033e23e354419528a94a685101.jpg 146,296,189,338,1 7,270,42,315,1 49,262,89,303,1 517,466,557,505,1 393,575,427,615,0 184,525,228,572,0 225,505,263,547,0 307,112,354,146,0 208,518,244,554,0
map_round1-2vsACEND_fracture_mp4-146_jpg.rf.e237a6f6568704877495fbfade57db3a.jpg 404,384,439,435,1 521,460,558,507,1 550,396,585,444,1 427,300,475,341,0
map_round1-2vsACEND_fracture_mp4-122_jpg.rf.e7576a62434a85536b28382b867da261.jpg 500,286,537,326,1 255,311,298,354,1 43,318,90,352,1 106,466,149,506,1 120,208,154,247,0 428,485,465,527,0 442,490,475,528,0 478,460,515,498,0
map_round1-2vsACEND_fracture_mp4-152_jpg.rf.df22da1de14d871a13c70ac005a9f8d9.jpg 499,298,531,335,0 541,437,570,483,1 531,475,579,519,1
map_round1-2vsACEND_fracture_mp4-18_jpg.rf.e9e63c9a1f62a8f2a45ca63542ed60f4.jpg 46,261,80,298,1 528,439,565,474,1 489,467,530,504,1 416,66,454,110,0 423,494,455,527,0 402,502,440,537,0
map_round1-2vsACEND_fracture_mp4-140_jpg.rf.e41f8ce4470c2504140718e45b2938f6.jpg 413,268,450,307,0 585,295,619,332,1 436,402,483,441,1 400,502,437,533,1 437,484,476,523,1
map_round1-2vsACEND_fracture_mp4-111_jpg.rf.e772dd11a2d8e30fcb2f0c4395e60457.jpg 278,508,321,547,0 113,474,152,511,0 105,453,148,491,0 89,228,134,260,0 25,263,59,302,1 13,305,57,349,1 25,332,66,380,1 375,304,412,346,1
map_round1-2vsACEND_fracture_mp4-135_jpg.rf.eaa3e0a5679b5450a9ff9dcbdb44b65c.jpg 304,248,343,287,0 432,368,465,408,1 592,288,631,323,1 394,518,431,553,1 343,547,381,580,1